1765803320100 0.6306273621275909 1
1765803320116 0.0876111493382911 2
1765803320142 0.02670318585220038 3
1765803320158 0.009853737134682504 4
1765803320172 0.005544112601380487 5
1765803320185 0.0036458301478716777 6
1765803320197 0.002483122006997018 7
1765803320211 0.0019750328562957676 8
1765803320224 0.0016864014315047771 9
1765803320239 0.0014486470175696944 10
1765803320252 0.0012652784775455895 11
1765803320266 0.001140125905937354 12
1765803320279 0.0010155951655671154 13
1765803320291 0.0009472744090349547 14
1765803320305 0.0008852308374458462 15
1765803320318 0.0008220089791181561 16
1765803320336 0.0007339960950622825 17
1765803320353 0.0006722532658263537 18
1765803320376 0.0006099786230623792 19
1765803320393 0.0005772485156172424 20
1765803320408 0.0005402846180182213 21
1765803320423 0.0005163069126455296 22
1765803320437 0.00047787999462063207 23
1765803320450 0.00043749136419588686 24
1765803320467 0.0004115835570947344 25
1765803320485 0.0003883672941168 26
1765803320502 0.00036589074919273363 27
1765803320520 0.0003466448402846288 28
1765803320538 0.00032813288722755355 29
1765803320557 0.0003113313606516563 30
1765803320573 0.00029569336487226855 31
1765803320591 0.0002826432935119768 32
1765803320606 0.00026948344269552953 33
1765803320624 0.0002563529423736484 34
1765803320643 0.00024724866089766015 35
1765803320658 0.00023596573693684784 36
1765803320677 0.000224639635231361 37
1765803320694 0.00021687530058163 38
1765803320710 0.00020779008387160816 39
1765803320726 0.0001997013640350685 40
1765803320744 0.00019296920908161148 41
1765803320761 0.000183318394999531 42
1765803320779 0.00017779476720055468 43
1765803320798 0.00017101580366366229 44
1765803320816 0.00016494916797496546 45
1765803320833 0.00015973162056556097 46
1765803320848 0.00015357817285536628 47
1765803320862 0.000147994118939588 48
1765803320874 0.00014359981013738543 49
1765803320889 0.0001376929020691187 50
1765803320903 0.00013381556619380608 51
1765803320917 0.00013003338255684934 52
1765803320932 0.000125963282363572 53
1765803320945 0.00012188203823354045 54
