1765279333181 1.061629203029145 1
1765279333213 1.0524536658050423 2
1765279333244 1.0308680220654136 3
1765279333265 0.9969520246175895 4
1765279333286 0.9656815788799659 5
1765279333308 0.9552241079789355 6
1765279333332 0.9256268793478944 7
1765279333360 0.9008741190558985 8
1765279333383 0.8580271785420582 9
1765279333403 0.8359948468387575 10
1765279333428 0.8101325214357304 11
1765279333451 0.7564654027609 12
1765279333475 0.7376015190791366 13
1765279333508 0.697266389552812 14
1765279333538 0.6871170894543928 15
1765279333564 0.6302875441716129 16
1765279333589 0.5926011406389394 17
1765279333615 0.5800031280159054 18
1765279333639 0.5104315731310307 19
1765279333662 0.4825058902116646 20
1765279333691 0.45486615833483246 21
1765279333719 0.43721077451132295 22
1765279333744 0.4038354617760594 23
1765279333765 0.35892072656100854 24
1765279333783 0.342441261262822 25
1765279333805 0.3098740842109336 26
1765279333828 0.2834925047661129 27
1765279333851 0.27482373956450845 28
1765279333874 0.24572853161428207 29
1765279333893 0.23880737969525775 30
1765279333911 0.22295088998805312 31
1765279333932 0.23698904034786655 32
1765279333953 0.16585200868154826 33
1765279333971 0.1741180101171472 34
1765279333999 0.18681601765460537 35
1765279334031 0.149777821972406 36
1765279334058 0.1617039799466169 37
1765279334084 0.15854778208006592 38
1765279334110 0.15458333918026515 39
1765279334150 0.12950562604499938 40
1765279334179 0.13700185548093982 41
1765279334209 0.12958090970838876 42
1765279334232 0.11877871422391188 43
1765279334256 0.12608024332308232 44
1765279334278 0.09859525938903478 45
1765279334300 0.09879836987676029 46
1765279334322 0.09140826251945998 47
1765279334344 0.09234793775511864 48
1765279334364 0.07904664118935291 49
1765279334383 0.10231822561052509 50
1765279334400 0.10757753801973242 51
1765279334418 0.0940047759086566 52
1765279334437 0.09464685361188158 53
1765279334454 0.07607381521983254 54
1765279334472 0.06851771227399209 55
1765279334491 0.08765047609357905 56
1765279334508 0.07245211028739025 57
1765279334524 0.0629490219280684 58
1765279334546 0.0735488255557261 59
1765279334566 0.054323594709088034 60
1765279334585 0.08090216845722127 61
1765279334608 0.06818535498210362 62
1765279334626 0.06874020878029496 63
1765279334646 0.05871458651315897 64
1765279334666 0.0658998906724435 65
1765279334684 0.05438356781448413 66
1765279334702 0.045381963921752866 67
1765279334723 0.05808031930119023 68
1765279334743 0.056501958267133036 69
1765279334760 0.042362960391586886 70
1765279334777 0.043000096217133944 71
1765279334795 0.040655442422493956 72
1765279334813 0.051867580167332984 73
1765279334831 0.04971355115784738 74
1765279334849 0.04627044375677754 75
1765279334868 0.04822802369979987 76
1765279334888 0.05501502766308928 77
1765279334907 0.039249393262697344 78
1765279334925 0.04053676576542675 79
1765279334941 0.039488137307527815 80
1765279334961 0.03443827357185178 81
1765279334980 0.03950821003295425 82
1765279334998 0.060390189934269825 83
1765279335016 0.046451483741122526 84
1765279335034 0.03175663780000873 85
1765279335054 0.033307593995075026 86
1765279335072 0.040599982317228965 87
1765279335091 0.02522059997781775 88
1765279335108 0.02398927182071191 89
1765279335128 0.03850671556547172 90
1765279335147 0.029127358367904685 91
1765279335168 0.02851541043448269 92
1765279335186 0.03877606812892552 93
1765279335204 0.01986193835308173 94
1765279335225 0.03841686472856909 95
1765279335245 0.028025246974556967 96
1765279335262 0.023455334589221423 97
1765279335278 0.025908110064587424 98
