1765234901781 1.1059037034672903 1
1765234901800 1.0379251734654706 2
1765234901818 1.009124023573739 3
1765234901836 0.9689083426518548 4
1765234901858 0.9446178369952324 5
1765234901876 0.8945736737179577 6
1765234901893 0.8486113929210749 7
1765234901910 0.8070523685082457 8
1765234901927 0.7815935468315182 9
1765234901945 0.7258768404336801 10
1765234901965 0.6593127107261715 11
1765234901985 0.6437467444211917 12
1765234902006 0.5629578223802093 13
1765234902025 0.5070491049970899 14
1765234902043 0.47678072649733466 15
1765234902061 0.43407852824469256 16
1765234902078 0.39012382241120014 17
1765234902103 0.3425785791605039 18
1765234902127 0.33486519092904 19
1765234902153 0.29000542262443024 20
1765234902176 0.25329497770259257 21
1765234902195 0.23769705512918027 22
1765234902214 0.2381553598364493 23
1765234902234 0.2039049891825009 24
1765234902254 0.17956937636647904 25
1765234902278 0.16515833257060303 26
1765234902301 0.14535231832274817 27
1765234902317 0.14807052137260152 28
1765234902334 0.12616417461768129 29
1765234902353 0.16006228260527877 30
1765234902373 0.14279836407841595 31
1765234902391 0.1211755417455408 32
1765234902406 0.12011929696663878 33
1765234902422 0.1039872771423114 34
1765234902439 0.10290422605672725 35
1765234902457 0.08868335484337986 36
1765234902473 0.08756260092097118 37
1765234902494 0.10140322257337489 38
1765234902513 0.07894792609420934 39
1765234902530 0.10153724975827941 40
1765234902547 0.07254152667281547 41
1765234902568 0.07954786729095574 42
1765234902590 0.08020638691303425 43
1765234902608 0.068593972495624 44
1765234902625 0.0665458344287218 45
1765234902641 0.057526668432147654 46
1765234902657 0.04449605999192349 47
1765234902673 0.07540069352415271 48
1765234902689 0.07103311763446134 49
1765234902704 0.05588851993749464 50
1765234902721 0.04961640141288141 51
1765234902739 0.038140410543384407 52
1765234902757 0.03733989128604867 53
1765234902775 0.05634038447213352 54
1765234902796 0.0569939517269009 55
1765234902814 0.031455505163149725 56
1765234902830 0.05211816095095828 57
1765234902845 0.05387840964424396 58
1765234902859 0.0710451178448765 59
1765234902875 0.0425012686422893 60
1765234902892 0.04423886257454865 61
1765234902910 0.03274972711626748 62
1765234902928 0.04716109845759277 63
1765234902945 0.03336854776913734 64
1765234902964 0.04976332025196319 65
1765234902981 0.027150665420804285 66
1765234902997 0.036972606693800626 67
1765234903012 0.028725987090203995 68
1765234903030 0.019724186621886446 69
1765234903047 0.022707646054432803 70
1765234903063 0.023066987549620017 71
1765234903079 0.0346811548281545 72
1765234903093 0.02846331103823911 73
1765234903108 0.023132539232159945 74
1765234903123 0.028865939440359745 75
1765234903140 0.04218506632386742 76
1765234903156 0.021884271188786154 77
1765234903172 0.021933149616409065 78
1765234903187 0.019301261343201974 79
1765234903201 0.018242373574118977 80
1765234903217 0.0295025510153264 81
1765234903235 0.04159630178228805 82
1765234903254 0.020713625909914647 83
1765234903269 0.02570370673657136 84
1765234903284 0.023462796905883272 85
1765234903299 0.02713343645340966 86
1765234903317 0.016478346256343156 87
1765234903333 0.023779727441531822 88
1765234903348 0.029336887330370008 89
1765234903363 0.01611239884636904 90
1765234903378 0.023906561490008256 91
1765234903395 0.0175910074459879 92
1765234903412 0.013674103900005943 93
1765234903431 0.04289497144492273 94
1765234903449 0.026906785660220266 95
1765234903466 0.014820893979596352 96
1765234903481 0.008343637745855446 97
1765234903499 0.020984530965342446 98
1765234903516 0.012315949932777119 99
1765234903530 0.025753129799710235 100
1765234903546 0.007921267655396684 101
1765234903563 0.019261725877124564 102
1765234903579 0.012319710952951047 103
1765234903596 0.017529656200256562 104
1765234903612 0.0058144665029095976 105
1765234903629 0.025096286116237928 106
1765234903646 0.010892594107111594 107
1765234903662 0.008772924556869566 108
1765234903679 0.03821111565693877 109
1765234903696 0.009252135578851054 110
1765234903713 0.01576563631905649 111
1765234903730 0.014161058992175455 112
1765234903746 0.01781574358526421 113
1765234903762 0.009227812444245009 114
1765234903781 0.023400663011322233 115
1765234903797 0.008255247684909884 116
1765234903814 0.009216990798039544 117
1765234903832 0.008587541283174818 118
1765234903848 0.013653982035059454 119
1765234903865 0.017966249467510926 120
1765234903885 0.010775011306680227 121
1765234903904 0.01300506868246064 122
1765234903918 0.011942276946458042 123
1765234903934 0.015159176897145528 124
1765234903950 0.008754478711494826 125
1765234903965 0.01288012629444886 126
1765234903979 0.0115873273707142 127
1765234903995 0.00691534745107804 128
1765234904012 0.024313713682997496 129
1765234904028 0.006673009274877552 130
1765234904044 0.008422254765042126 131
1765234904060 0.006908360487060216 132
1765234904077 0.0058884965115808 133
1765234904094 0.005586222026908956 134
1765234904109 0.008870998922651424 135
1765234904124 0.0067805286384838865 136
1765234904142 0.010438603980998908 137
1765234904159 0.007797735771234322 138
1765234904176 0.011139737865303865 139
1765234904193 0.007560795870665601 140
1765234904210 0.005450038307195851 141
1765234904226 0.006648750246600493 142
1765234904241 0.004584180543031124 143
1765234904256 0.005451317097557555 144
1765234904271 0.007916982248915653 145
1765234904286 0.008617009440687733 146
1765234904304 0.003550299368028466 147
1765234904326 0.02157917156591451 148
1765234904343 0.005241421109093423 149
1765234904361 0.005495011626175584 150
