1765235505225 1.061629203029145 1
1765235505239 1.0524536658050423 2
1765235505254 1.0308680220654136 3
1765235505268 0.9969520246175895 4
1765235505282 0.9656815788799659 5
1765235505297 0.9552241079789355 6
1765235505314 0.9256268793478944 7
1765235505330 0.9008741190558985 8
1765235505345 0.8580271785420582 9
1765235505361 0.8359948468387575 10
1765235505376 0.8101325214357304 11
1765235505392 0.7564654027609 12
1765235505410 0.7376015190791366 13
1765235505426 0.697266389552812 14
1765235505443 0.6871170894543928 15
1765235505460 0.6302875441716129 16
1765235505480 0.5926011406389394 17
1765235505497 0.5800031280159054 18
1765235505515 0.5104315731310307 19
1765235505534 0.4825058902116646 20
1765235505550 0.45486615833483246 21
1765235505569 0.43721077451132295 22
1765235505590 0.4038354617760594 23
1765235505616 0.35892072656100854 24
1765235505642 0.342441261262822 25
1765235505665 0.3098740842109336 26
1765235505691 0.2834925047661129 27
1765235505715 0.27482373956450845 28
1765235505742 0.24572853161428207 29
1765235505769 0.23880737969525775 30
1765235505795 0.22295088998805312 31
1765235505818 0.23698904034786655 32
1765235505840 0.16585200868154826 33
1765235505860 0.1741180101171472 34
1765235505876 0.18681601765460537 35
1765235505892 0.149777821972406 36
1765235505909 0.1617039799466169 37
1765235505926 0.15854778208006592 38
1765235505940 0.15458333918026515 39
1765235505954 0.12950562604499938 40
1765235505970 0.13700185548093982 41
1765235505988 0.12958090970838876 42
1765235506003 0.11877871422391188 43
1765235506020 0.12608024332308232 44
1765235506036 0.09859525938903478 45
1765235506055 0.09879836987676029 46
1765235506071 0.09140826251945998 47
1765235506086 0.09234793775511864 48
1765235506100 0.07904664118935291 49
1765235506115 0.10231822561052509 50
1765235506130 0.10757753801973242 51
1765235506145 0.0940047759086566 52
1765235506161 0.09464685361188158 53
1765235506177 0.07607381521983254 54
1765235506193 0.06851771227399209 55
1765235506210 0.08765047609357905 56
1765235506226 0.07245211028739025 57
1765235506245 0.0629490219280684 58
1765235506260 0.0735488255557261 59
1765235506276 0.054323594709088034 60
1765235506293 0.08090216845722127 61
1765235506309 0.06818535498210362 62
1765235506327 0.06874020878029496 63
1765235506345 0.05871458651315897 64
1765235506361 0.0658998906724435 65
1765235506376 0.05438356781448413 66
1765235506391 0.045381963921752866 67
1765235506407 0.05808031930119023 68
1765235506423 0.056501958267133036 69
1765235506441 0.042362960391586886 70
1765235506462 0.043000096217133944 71
1765235506478 0.040655442422493956 72
1765235506494 0.051867580167332984 73
1765235506511 0.04971355115784738 74
1765235506524 0.04627044375677754 75
1765235506538 0.04822802369979987 76
1765235506553 0.05501502766308928 77
1765235506567 0.039249393262697344 78
1765235506580 0.04053676576542675 79
1765235506594 0.039488137307527815 80
1765235506608 0.03443827357185178 81
1765235506623 0.03950821003295425 82
1765235506637 0.060390189934269825 83
1765235506651 0.046451483741122526 84
1765235506665 0.03175663780000873 85
1765235506679 0.033307593995075026 86
1765235506697 0.040599982317228965 87
1765235506711 0.02522059997781775 88
1765235506727 0.02398927182071191 89
1765235506743 0.03850671556547172 90
1765235506759 0.029127358367904685 91
1765235506776 0.02851541043448269 92
1765235506792 0.03877606812892552 93
1765235506808 0.01986193835308173 94
1765235506824 0.03841686472856909 95
1765235506840 0.028025246974556967 96
1765235506857 0.023455334589221423 97
1765235506876 0.025908110064587424 98
