1765803309840 1.0263318867611706 1
1765803309854 0.7937915746430705 2
1765803309867 0.55435320802201 3
1765803309881 0.3248175534986912 4
1765803309894 0.16692339385250457 5
1765803309907 0.10781299944658924 6
1765803309919 0.07311305674003031 7
1765803309933 0.04676900720013712 8
1765803309947 0.035976816732016276 9
1765803309960 0.027876227250308694 10
1765803309973 0.017302910891830697 11
1765803309988 0.01464132918395046 12
1765803310002 0.00993311979555826 13
1765803310018 0.0157856466108583 14
1765803310033 0.006662190426141024 15
1765803310047 0.003875067750783287 16
1765803310059 0.00928346689569911 17
1765803310075 0.0042520524212684395 18
1765803310089 0.003885959619060999 19
1765803310104 0.002779804586775993 20
1765803310118 0.003934159018869575 21
1765803310132 0.0035367593732907585 22
1765803310146 0.004388353885396531 23
1765803310161 0.0027352295554666675 24
1765803310176 0.003804620930441844 25
1765803310191 0.0019487387087560237 26
1765803310204 0.002255431103740672 27
1765803310222 0.0019491461746366625 28
1765803310237 0.0012167711176338809 29
1765803310249 0.0018709741919686583 30
1765803310261 0.002303793656449814 31
1765803310275 0.0016175444129350265 32
1765803310288 0.0011889669717914473 33
1765803310299 0.0024037525001640767 34
1765803310310 0.0008745422770940573 35
1765803310321 0.00062508662506987 36
1765803310332 0.000886995170184033 37
1765803310343 0.0008409748235069692 38
1765803310354 0.0012106425636553002 39
1765803310367 0.0017997397161659471 40
1765803310380 0.0009323924455920382 41
1765803310395 0.0010977673683056426 42
1765803310408 0.001205618752129866 43
1765803310421 0.0005122684975175705 44
1765803310435 0.0006042798767496544 45
1765803310451 0.0004485723407673217 46
1765803310470 0.0008296167814519425 47
1765803310489 0.00041494330897213035 48
1765803310506 0.0009440815186082505 49
1765803310524 0.00043100641696377747 50
