1765279289507 0.9322798520998847 1
1765279289536 0.8171594116024505 2
1765279289566 0.7303113318923721 3
1765279289592 0.6341818620387772 4
1765279289621 0.5707467955754215 5
1765279289645 0.5079896082555441 6
1765279289677 0.4518653145410064 7
1765279289705 0.39743669566355255 8
1765279289734 0.3553850529785443 9
1765279289758 0.30825516816816834 10
1765279289784 0.2777472006199055 11
1765279289806 0.24488900489825055 12
1765279289830 0.21084141921728178 13
1765279289853 0.20072708105234274 14
1765279289882 0.18991570757295853 15
1765279289904 0.17314879024835458 16
1765279289927 0.15068233147599644 17
1765279289951 0.13737970288086654 18
1765279289977 0.12708181055976933 19
1765279290001 0.11864543835023292 20
1765279290021 0.11295544524165921 21
1765279290043 0.1000034849446519 22
1765279290067 0.09647598179211293 23
1765279290092 0.08706434524821159 24
1765279290114 0.08867034209626061 25
1765279290136 0.0866080195383918 26
1765279290167 0.08050233839934033 27
1765279290198 0.07626655176842123 28
1765279290232 0.06243085637128443 29
1765279290259 0.06737360982854564 30
1765279290287 0.05338816993862839 31
1765279290322 0.06468684859293744 32
1765279290352 0.05984080638876535 33
1765279290375 0.05167712272614017 34
1765279290398 0.056527355489762204 35
1765279290422 0.05699490240417925 36
1765279290447 0.04748821652431349 37
1765279290480 0.05304672734993965 38
1765279290510 0.04015776365155116 39
1765279290533 0.05127261121078093 40
1765279290557 0.04178205836228186 41
1765279290577 0.04880637794564989 42
1765279290601 0.034608099343521256 43
1765279290623 0.0419718943872398 44
1765279290646 0.03474331459492669 45
1765279290672 0.034354677949892005 46
1765279290697 0.030379930700182467 47
1765279290724 0.03498494667106105 48
1765279290753 0.030922077624197294 49
1765279290776 0.031814499877225184 50
1765279290800 0.03558665521694977 51
1765279290826 0.024372685980752 52
1765279290852 0.028137815839617997 53
1765279290875 0.030291870916507355 54
1765279290901 0.027774248426233914 55
1765279290928 0.025849209468167527 56
1765279290960 0.02403266025581082 57
1765279290998 0.024273283039114642 58
1765279291029 0.021514491976371834 59
1765279291065 0.021789564716076494 60
1765279291094 0.020575563346308872 61
1765279291125 0.022500664969079924 62
1765279291157 0.018525166468540754 63
1765279291190 0.023275635282235935 64
1765279291222 0.01606767703043787 65
1765279291252 0.01482129147402326 66
1765279291274 0.01880557772080253 67
1765279291299 0.01533243321302466 68
1765279291323 0.01848878001416088 69
1765279291345 0.012481739481953079 70
1765279291370 0.01674949953374558 71
1765279291394 0.01327792498724241 72
1765279291417 0.0104091077153676 73
1765279291439 0.013170391212644657 74
