1765234877623 1.1123613352166082 1
1765234877632 1.0837515632909043 2
1765234877642 1.0567516213969181 3
1765234877650 1.03100884229617 4
1765234877660 1.0061683112517334 5
1765234877669 0.9828586439441022 6
1765234877679 0.9593699525173446 7
1765234877686 0.9363780837309988 8
1765234877694 0.9135447592663586 9
1765234877701 0.8901282929836359 10
1765234877709 0.8671320201759052 11
1765234877716 0.8430904938762349 12
1765234877724 0.8196663291830766 13
1765234877732 0.7959675004607752 14
1765234877740 0.7727347787161519 15
1765234877747 0.7497843002018175 16
1765234877756 0.7260315427206513 17
1765234877764 0.7026938464408531 18
1765234877772 0.6793154388442075 19
1765234877780 0.6563589380199748 20
1765234877788 0.633395945219169 21
1765234877796 0.6109487566732823 22
1765234877805 0.5879935133726077 23
1765234877812 0.5656709487276866 24
1765234877820 0.5435011857434323 25
1765234877828 0.5220267938491994 26
1765234877836 0.5004270094677918 27
1765234877843 0.4805099663877846 28
1765234877851 0.4599485433191285 29
1765234877860 0.44066375426780013 30
1765234877871 0.42152573425966994 31
1765234877880 0.4036316472784917 32
1765234877890 0.3861862878154095 33
1765234877898 0.3694038482985102 34
1765234877907 0.3533336179597037 35
1765234877914 0.3378804170323494 36
1765234877922 0.3235946671855181 37
1765234877932 0.3096501090024647 38
1765234877941 0.29683920113663925 39
1765234877950 0.2845591927381386 40
1765234877958 0.273109420013607 41
1765234877966 0.26208295028908807 42
1765234877973 0.25184193724080134 43
1765234877981 0.24185182120566978 44
1765234877989 0.23264542479712264 45
1765234877997 0.2237744026054117 46
1765234878007 0.21571461128112965 47
1765234878016 0.20772864966464222 48
1765234878025 0.20040099490854077 49
1765234878033 0.19297617550631216 50
1765234878042 0.18619184072752645 51
1765234878049 0.1795316049479004 52
1765234878059 0.1736642241029811 53
1765234878071 0.16788656684689054 54
1765234878081 0.16228960353629032 55
1765234878093 0.15735606905212976 56
1765234878105 0.15221452847459263 57
1765234878116 0.14791589717667802 58
1765234878127 0.14349770540357532 59
1765234878137 0.13938667171431662 60
1765234878146 0.13539117983633414 61
1765234878155 0.13154290728551105 62
1765234878163 0.12802021423900933 63
1765234878173 0.12452927679943859 64
1765234878182 0.12116184987519917 65
1765234878191 0.11787667290720724 66
1765234878200 0.1147919413738681 67
1765234878209 0.11178164385763326 68
1765234878219 0.10896922692768556 69
1765234878228 0.10621077976280585 70
1765234878237 0.10347820577540792 71
1765234878245 0.10100977268434108 72
1765234878252 0.09864419373802673 73
