1765234862447 0.7186574790262639 1
1765234862476 0.09008732173395784 2
1765234862502 0.06225582720060602 3
1765234862539 0.013110374436622723 4
1765234862577 0.01306866271564863 5
1765234862604 0.01939470106884627 6
1765234862630 0.014267184253417909 7
1765234862655 0.027173232084426405 8
1765234862681 0.007222304156738731 9
1765234862715 0.02719813744745198 10
1765234862747 0.03703745229293937 11
1765234862783 0.0011052856875755964 12
1765234862815 0.0046580210931582615 13
1765234862844 0.002183738049651786 14
1765234862874 0.0015955221714703065 15
1765234862905 0.011016643932436168 16
1765234862932 0.0008769567538310316 17
1765234862963 0.024113537891203567 18
1765234863002 0.015324315466185177 19
1765234863042 0.0012893307015118829 20
1765234863084 0.0014243325604380666 21
1765234863120 0.0058637098749919885 22
1765234863154 0.008818291724105108 23
1765234863187 0.026384567567247427 24
1765234863215 0.0068948622662702306 25
1765234863243 0.0003381631603061626 26
1765234863275 0.0005108784573886945 27
1765234863304 0.0012291086976976412 28
1765234863331 0.0002726890005964946 29
1765234863358 0.0006735271067619113 30
1765234863393 0.00030640045486223216 31
1765234863434 0.0007121315027690475 32
1765234863466 3.8612929243409144e-05 33
1765234863509 0.000232702337734597 34
1765234863536 0.00021724068510100926 35
1765234863562 0.0001780165904982365 36
1765234863589 3.909785588834688e-05 37
1765234863616 0.00010047594522994156 38
1765234863643 3.527867344805078e-05 39
1765234863667 0.00010483887293615335 40
1765234863695 1.0934581045303806e-05 41
1765234863723 4.287680674620656e-05 42
1765234863747 0.0003192838721208106 43
1765234863771 9.950847856859832e-05 44
1765234863798 7.09779973834165e-05 45
1765234863828 0.00019202956477375866 46
1765234863853 0.00046785803514665146 47
1765234863877 0.00014881061994635747 48
1765234863904 6.58680170211045e-05 49
1765234863930 4.262724021920352e-05 50
1765234863959 0.00026274008248067205 51
1765234863985 4.772715766501379e-05 52
1765234864012 0.0005269549823303788 53
1765234864039 0.0004170428013932215 54
1765234864064 9.315314364622604e-06 55
1765234864093 5.329884068621433e-05 56
1765234864118 0.0001940953885972891 57
1765234864143 7.602451938032231e-05 58
1765234864167 0.00043655215470343246 59
1765234864191 7.5005543363027255e-06 60
1765234864221 4.373542224363777e-05 61
1765234864249 0.00010940643301503263 62
1765234864276 4.874678325401354e-05 63
1765234864303 1.6594626419541236e-05 64
1765234864333 5.9774625674628136e-05 65
1765234864378 0.000373924430949275 66
1765234864412 3.614615688120107e-06 67
1765234864446 7.409292294155455e-06 68
1765234864474 0.00010356334679559758 69
1765234864504 9.245470289442892e-05 70
1765234864541 1.4642424133145446e-05 71
1765234864580 1.2680595115123932e-05 72
1765234864619 5.611250051228531e-05 73
1765234864651 4.598623351935835e-06 74
1765234864683 1.945537719937187e-05 75
1765234864723 0.0001505055229208182 76
1765234864751 4.6249787066117674e-05 77
1765234864779 3.837859063617003e-05 78
1765234864807 3.361259954491738e-05 79
1765234864836 9.60740915173049e-06 80
1765234864867 2.2885142475061465e-05 81
1765234864899 5.557756960454863e-05 82
1765234864940 8.770653834772088e-06 83
1765234864983 7.182205345892233e-06 84
1765234865039 0.0003009535169889105 85
1765234865088 1.6245614322523872e-05 86
1765234865135 6.187604089680555e-06 87
1765234865190 2.2805534966586495e-05 88
1765234865223 0.00022824337103825125 89
1765234865254 4.669423085538452e-05 90
1765234865282 5.245605028873038e-05 91
1765234865307 5.828177782871251e-06 92
1765234865336 6.202741018474332e-05 93
1765234865361 8.606096140944805e-06 94
1765234865390 1.4571976001352818e-05 95
1765234865417 9.118593071003775e-05 96
1765234865442 0.0004496575709961974 97
1765234865468 5.053074831117552e-06 98
1765234865493 6.461315785969432e-06 99
1765234865518 0.002532625109224663 100
1765234865546 0.00042867055640256126 101
1765234865570 0.00047924966542381995 102
1765234865595 7.112527614868014e-05 103
1765234865624 9.446201471412241e-05 104
1765234865648 0.0002657770880035673 105
1765234865677 1.1036474355600939e-05 106
1765234865701 1.735207694236281e-06 107
1765234865726 2.929841831691794e-05 108
1765234865754 1.0138502993690946e-05 109
1765234865781 2.6861280742019017e-06 110
1765234865809 9.89248416925605e-05 111
1765234865834 4.219472598820355e-05 112
1765234865858 8.650179074806133e-06 113
1765234865882 9.482860234866303e-07 114
1765234865907 0.00019702062839860104 115
1765234865933 0.00016301007353600872 116
1765234865960 6.863138913370674e-05 117
1765234865986 2.3410530756246204e-06 118
1765234866011 1.534846663938318e-05 119
1765234866036 8.212921434734785e-05 120
1765234866062 1.034062463988125e-05 121
1765234866085 3.6317525228443025e-05 122
1765234866113 4.12898017266574e-06 123
1765234866139 1.2386173935984649e-05 124
1765234866165 3.9815263343359507e-05 125
1765234866191 1.2452220327919123e-05 126
1765234866215 0.0015839052603471167 127
1765234866240 8.15989819268512e-05 128
1765234866264 3.227432064758623e-06 129
1765234866291 0.0007816322710371045 130
1765234866317 2.347211307470556e-06 131
1765234866346 2.979651848673648e-05 132
1765234866370 0.000682104837965737 133
1765234866395 2.0038338687790846e-05 134
