1765235480040 0.49700826473702164 1
1765235480065 0.0863702025814192 2
1765235480089 0.03464655765320027 3
1765235480112 0.032302735205319594 4
1765235480136 0.026007807099337418 5
1765235480155 0.028265658874568857 6
1765235480177 0.021560509447568564 7
1765235480198 0.007829895718447702 8
1765235480217 0.004900897177780061 9
1765235480239 0.008526287778828615 10
1765235480258 0.0151133015555169 11
1765235480276 0.0031907895432883187 12
1765235480295 0.00796789663259108 13
1765235480314 0.0021471197975543852 14
1765235480335 0.023440469672800134 15
1765235480356 0.0077661577171993556 16
1765235480378 0.00510472719548502 17
1765235480404 0.0008385025400929223 18
1765235480426 0.004358408662580716 19
1765235480446 0.0015949854298930876 20
1765235480466 0.005212631502245199 21
1765235480487 0.0019110234520086035 22
1765235480507 0.0003727767981402401 23
1765235480527 0.0008745729049641019 24
1765235480550 0.0006753612209909729 25
1765235480573 0.0004459380509622423 26
1765235480594 0.0013667928884880305 27
1765235480616 0.004131537393451917 28
1765235480635 0.001441137682209764 29
1765235480660 0.0007404845990888298 30
1765235480684 0.0010639532770381837 31
1765235480703 0.0003195350051866722 32
1765235480722 0.00030346404357834745 33
1765235480747 0.0003564819357140693 34
1765235480768 0.0010043155925967924 35
1765235480790 0.0010495306745915993 36
1765235480814 0.0013649808925927068 37
1765235480836 0.0004851074988968855 38
1765235480855 0.0004584248889520146 39
1765235480881 0.0001539063847645325 40
1765235480909 0.0003824182107092354 41
1765235480932 0.0006892962418143205 42
1765235480953 0.00038109473699731274 43
1765235480976 0.0009206575084949451 44
