1765279315249 1.0734010558379323 1
1765279315285 0.983783281387243 2
1765279315338 0.8886499512464481 3
1765279315377 0.8193892240524292 4
1765279315411 0.7149518203914613 5
1765279315449 0.6426759160550913 6
1765279315492 0.5495417109109405 7
1765279315537 0.47209271183587553 8
1765279315582 0.387008871126892 9
1765279315620 0.34097915753386077 10
1765279315657 0.27946295460363973 11
1765279315696 0.24120063418732549 12
1765279315735 0.21601302552043944 13
1765279315775 0.17041523485703575 14
1765279315822 0.14157585513995105 15
1765279315891 0.1439314212902148 16
1765279315946 0.11873040577970949 17
1765279316008 0.11920500966839324 18
1765279316067 0.09432602144385639 19
1765279316144 0.08887983270381626 20
1765279316190 0.06602485899470355 21
1765279316232 0.06979171584423323 22
1765279316272 0.07294948987270657 23
1765279316310 0.04745250622412764 24
1765279316342 0.0582671303834234 25
1765279316373 0.05100881067433752 26
1765279316407 0.05134433157798043 27
1765279316440 0.04635586197438993 28
1765279316473 0.04055648302323276 29
1765279316512 0.03486645737088712 30
1765279316543 0.04155696927100644 31
1765279316576 0.050443620736101515 32
1765279316612 0.02964984528244214 33
1765279316652 0.0335070752692794 34
1765279316685 0.03090409678582074 35
1765279316720 0.031781443933907305 36
1765279316752 0.023404510905335945 37
1765279316786 0.018779739107292397 38
1765279316818 0.02179986927518271 39
1765279316849 0.024948211241499485 40
1765279316882 0.01732485776476534 41
1765279316912 0.017587430365523675 42
1765279316946 0.017361785348196674 43
1765279316984 0.018150244324811195 44
1765279317026 0.015634766275665367 45
1765279317057 0.014600283322292134 46
1765279317090 0.01933753098837359 47
1765279317127 0.020769521461001465 48
1765279317163 0.017379590821333397 49
1765279317207 0.012798049588708725 50
1765279317249 0.01418352087511492 51
1765279317317 0.012627442682484039 52
1765279317365 0.010679223619776084 53
1765279317409 0.013662029532811962 54
1765279317454 0.011675377369375158 55
1765279317501 0.011845917223875685 56
1765279317545 0.009586118732375982 57
1765279317584 0.0161498713398333 58
1765279317619 0.008562936426553511 59
1765279317652 0.010333823134660497 60
1765279317689 0.016371490449567597 61
1765279317722 0.01031907781069272 62
1765279317756 0.00968514259771577 63
1765279317794 0.008854518784560207 64
1765279317829 0.008364189972862937 65
1765279317868 0.008658289299276482 66
1765279317911 0.010362450604123953 67
1765279317950 0.00948146872985688 68
1765279318001 0.00885769899206278 69
1765279318062 0.012645770513795708 70
1765279318094 0.0068767116636149865 71
1765279318127 0.006149530563069354 72
1765279318159 0.00968868550459357 73
1765279318195 0.0064390432890469584 74
1765279318232 0.004838204174127458 75
1765279318269 0.008033968352439596 76
1765279318302 0.02121921356669382 77
1765279318338 0.005409002534719534 78
1765279318383 0.016248143147642172 79
1765279318426 0.005983127600336587 80
1765279318463 0.004879020779442631 81
1765279318495 0.00533826786786654 82
1765279318526 0.00728927891967552 83
1765279318558 0.004294293759306683 84
1765279318590 0.004259040169557906 85
1765279318619 0.004276360852531809 86
1765279318651 0.004407390497390293 87
1765279318690 0.0037568622807923114 88
1765279318739 0.003105700915833389 89
1765279318787 0.0030711512580247863 90
1765279318833 0.004797194118824213 91
1765279318877 0.006313007315743323 92
1765279318917 0.005468120484672403 93
1765279318955 0.003054198044281334 94
1765279318993 0.004773651545559217 95
1765279319025 0.0062909056625111886 96
1765279319056 0.007660213265527754 97
1765279319091 0.002253608118140496 98
1765279319125 0.004292163206614498 99
1765279319162 0.0022760285480347064 100
1765279319200 0.0016771752432937763 101
1765279319237 0.0020358660923583166 102
1765279319273 0.0034110936602311476 103
1765279319307 0.0023323309194660724 104
1765279319339 0.0038482344926411946 105
1765279319372 0.003052566448205564 106
1765279319410 0.0030457469377810262 107
1765279319443 0.0027639295494873636 108
1765279319483 0.002183137332873517 109
1765279319517 0.005756569496720077 110
1765279319548 0.0029173151798252213 111
1765279319577 0.0014416046580212204 112
