1765803307457 0.9322798520998847 1
1765803307481 0.8171594116024505 2
1765803307505 0.7303113318923721 3
1765803307527 0.6341818620387772 4
1765803307550 0.5707467955754215 5
1765803307572 0.5079896082555441 6
1765803307595 0.4518653145410064 7
1765803307617 0.39743669566355255 8
1765803307640 0.3553850529785443 9
1765803307662 0.30825516816816834 10
1765803307685 0.2777472006199055 11
1765803307707 0.24488900489825055 12
1765803307728 0.21084141921728178 13
1765803307749 0.20072708105234274 14
1765803307771 0.18991570757295853 15
1765803307793 0.17314879024835458 16
1765803307816 0.15068233147599644 17
1765803307840 0.13737970288086654 18
1765803307864 0.12708181055976933 19
1765803307886 0.11864543835023292 20
1765803307909 0.11295544524165921 21
1765803307933 0.1000034849446519 22
1765803307956 0.09647598179211293 23
1765803307980 0.08706434524821159 24
1765803308001 0.08867034209626061 25
1765803308024 0.0866080195383918 26
1765803308048 0.08050233839934033 27
1765803308072 0.07626655176842123 28
1765803308105 0.06243085637128443 29
1765803308135 0.06737360982854564 30
1765803308163 0.05338816993862839 31
1765803308187 0.06468684859293744 32
1765803308211 0.05984080638876535 33
1765803308242 0.05167712272614017 34
1765803308269 0.056527355489762204 35
1765803308296 0.05699490240417925 36
1765803308321 0.04748821652431349 37
1765803308348 0.05304672734993965 38
1765803308380 0.04015776365155116 39
1765803308409 0.05127261121078093 40
1765803308438 0.04178205836228186 41
1765803308469 0.04880637794564989 42
1765803308502 0.034608099343521256 43
1765803308525 0.0419718943872398 44
1765803308547 0.03474331459492669 45
1765803308572 0.034354677949892005 46
1765803308599 0.030379930700182467 47
1765803308623 0.03498494667106105 48
1765803308646 0.030922077624197294 49
1765803308668 0.031814499877225184 50
1765803308689 0.03558665521694977 51
1765803308723 0.024372685980752 52
1765803308758 0.028137815839617997 53
1765803308789 0.030291870916507355 54
1765803308816 0.027774248426233914 55
1765803308845 0.025849209468167527 56
1765803308873 0.02403266025581082 57
1765803308909 0.024273283039114642 58
1765803308943 0.021514491976371834 59
1765803308964 0.021789564716076494 60
1765803308987 0.020575563346308872 61
1765803309026 0.022500664969079924 62
1765803309060 0.018525166468540754 63
1765803309084 0.023275635282235935 64
1765803309122 0.01606767703043787 65
1765803309146 0.01482129147402326 66
1765803309170 0.01880557772080253 67
1765803309192 0.01533243321302466 68
1765803309215 0.01848878001416088 69
1765803309244 0.012481739481953079 70
1765803309268 0.01674949953374558 71
1765803309289 0.01327792498724241 72
1765803309309 0.0104091077153676 73
1765803309330 0.013170391212644657 74
