1765235485729 1.0673818149064715 1
1765235485759 0.9841149292494121 2
1765235485786 0.8529588252978217 3
1765235485814 0.6388228062848399 4
1765235485844 0.39258015559131937 5
1765235485873 0.24738588705098719 6
1765235485899 0.13398697529744386 7
1765235485928 0.07935483393756519 8
1765235485961 0.07027941638309705 9
1765235485995 0.045518014026819764 10
1765235486030 0.03858107821385663 11
1765235486059 0.023680020207749272 12
1765235486089 0.025597773219241685 13
1765235486118 0.029170741170865336 14
1765235486150 0.010989548063060598 15
1765235486182 0.015607598183424514 16
1765235486214 0.007152996964304519 17
1765235486246 0.010859182792456639 18
1765235486279 0.005071926860579052 19
1765235486313 0.002861397436301791 20
1765235486350 0.004800459440451604 21
1765235486381 0.006298290489458556 22
1765235486413 0.004985452208440853 23
1765235486448 0.010695135396821214 24
1765235486491 0.003995234666644295 25
1765235486540 0.012480993837877912 26
1765235486584 0.002090682304532992 27
1765235486624 0.006875276488743904 28
1765235486663 0.0068675860126031895 29
1765235486702 0.0036574673000373003 30
1765235486743 0.0009896071659247006 31
1765235486771 0.001636970455187576 32
1765235486797 0.0025609033515699175 33
1765235486834 0.0037789106446723935 34
1765235486863 0.003906565823580648 35
1765235486894 0.001808180269388932 36
1765235486925 0.0029422230703434102 37
1765235486954 0.0033866088782904392 38
1765235486986 0.0010057793718130728 39
1765235487015 0.0016534860717234224 40
1765235487048 0.0019139257912643085 41
1765235487082 0.017612473896231922 42
1765235487112 0.0014553911884483152 43
1765235487142 0.02050826421420657 44
1765235487170 0.03967765785309073 45
1765235487202 0.0015717963159884785 46
1765235487228 0.0034802686427439795 47
1765235487257 0.009384060229463205 48
1765235487284 0.0007708053563238311 49
1765235487314 0.0026522649517115716 50
1765235487344 0.0011186300883248197 51
1765235487377 0.0010392883659254661 52
1765235487406 0.001585494611458842 53
1765235487435 0.001194009153270353 54
1765235487467 0.004634047359138634 55
1765235487498 0.0007528831356877279 56
1765235487529 0.00038142861955006274 57
1765235487562 0.0006371138503155614 58
1765235487592 0.00041956013142465195 59
1765235487620 0.016742801735457953 60
1765235487646 0.0009394834290591311 61
1765235487678 0.00020422905342450104 62
1765235487707 0.0031136547754544892 63
1765235487736 0.0011347145038215739 64
1765235487770 0.0003947885116601417 65
1765235487803 0.0005611796399042438 66
1765235487832 0.0004736650407055019 67
1765235487862 0.00422845594645119 68
1765235487892 0.006237138427826366 69
1765235487920 0.002509119019314791 70
1765235487946 0.0012182369665609265 71
1765235487973 0.0026351185490255417 72
1765235487998 0.0005348823493422833 73
1765235488029 0.0009376585462598456 74
1765235488059 0.00032146811732891914 75
1765235488090 0.0005868596324712017 76
1765235488118 0.00020008645661530187 77
1765235488148 0.0009354182625942403 78
1765235488179 0.0004006838259250375 79
1765235488218 0.0002888192499977534 80
1765235488251 0.00030207926848609194 81
1765235488286 0.00025740022108510673 82
1765235488318 0.0002058585957723365 83
1765235488345 0.0003106124094116608 84
1765235488372 0.00010343730913094837 85
1765235488399 0.0002743646961406691 86
1765235488429 0.00025132599100281805 87
1765235488464 0.00014190282829069911 88
1765235488493 0.00022853315728109277 89
1765235488523 0.00838893465400299 90
1765235488553 0.0007998853598007571 91
1765235488582 0.0002554405549388182 92
1765235488616 0.0005269793668377044 93
1765235488644 0.001417595813278696 94
1765235488674 0.0002574834320683267 95
1765235488709 0.0002664286608206683 96
1765235488748 0.0001081725084836386 97
1765235488779 0.00037666929580852334 98
1765235488809 0.0020515946166870663 99
1765235488839 0.00017039033599231565 100
1765235488865 6.515332983712454e-05 101
1765235488897 0.00016866702082237803 102
1765235488926 0.0001125738077783702 103
1765235488956 0.0001554476497458518 104
1765235488985 0.0001092951932260167 105
1765235489015 0.00020973319008186437 106
1765235489043 0.0003106958942259238 107
1765235489072 0.00010557921565068545 108
1765235489103 0.0003964860194110271 109
1765235489131 0.00025886226108509723 110
1765235489162 0.0005731055708340026 111
1765235489192 0.0002591877091186121 112
1765235489223 0.00025027359928524103 113
1765235489252 0.00017449662455580156 114
