1765803359119 1.1537853282197077 1
1765803359141 1.08870856385482 2
1765803359162 1.0517094000837857 3
1765803359188 1.039233516481586 4
1765803359209 0.9757273923185535 5
1765803359226 0.9522167784827096 6
1765803359246 0.9124984853249744 7
1765803359270 0.8602446586565864 8
1765803359294 0.7940476487453719 9
1765803359321 0.7394538799622902 10
1765803359342 0.6920017662801241 11
1765803359368 0.6361362808629086 12
1765803359393 0.5473775285527223 13
1765803359419 0.4972691007126543 14
1765803359450 0.5413933409784073 15
1765803359469 0.42313978546544123 16
1765803359489 0.42154314441788465 17
1765803359509 0.4147561766151199 18
1765803359528 0.39592649300295607 19
1765803359546 0.34744362678742946 20
1765803359567 0.2950932320795561 21
1765803359584 0.28398743361458745 22
1765803359601 0.2871345999209504 23
1765803359618 0.27193800035051835 24
1765803359636 0.24663248176413372 25
1765803359661 0.22175205582962895 26
1765803359690 0.19083996822959498 27
1765803359720 0.21424575267653717 28
1765803359760 0.18357409192319202 29
1765803359794 0.1546691075751656 30
1765803359825 0.17270819806402787 31
1765803359854 0.140916889771483 32
1765803359879 0.14494900496438481 33
1765803359904 0.10783093573159672 34
1765803359923 0.08419305847999745 35
1765803359942 0.11639055071916796 36
1765803359960 0.1519849597199827 37
1765803359979 0.1332910811682617 38
1765803359997 0.08524494948691892 39
1765803360019 0.11300947164234362 40
1765803360038 0.13944674178229688 41
1765803360058 0.0879428603483322 42
1765803360082 0.1104699669027687 43
1765803360106 0.09446327522733158 44
1765803360124 0.09685128378240686 45
1765803360142 0.10328623148283564 46
1765803360163 0.12199305645557806 47
1765803360184 0.1385484381781933 48
1765803360203 0.10432618755595129 49
1765803360223 0.09866592867818094 50
1765803360243 0.06855136342346668 51
1765803360263 0.08089591929675045 52
1765803360281 0.10652060672304683 53
1765803360298 0.05136174516869653 54
1765803360317 0.11770915536952198 55
1765803360335 0.06557686478459746 56
1765803360355 0.08428536377903215 57
1765803360373 0.04991561532567442 58
1765803360392 0.0650129003688357 59
1765803360409 0.05724573589133141 60
1765803360425 0.09657402350602293 61
1765803360440 0.043692534571492525 62
1765803360459 0.057775346730324556 63
1765803360477 0.05252424745183242 64
1765803360497 0.08589220018899839 65
1765803360514 0.058188444124254626 66
1765803360530 0.04032091534507454 67
1765803360546 0.04069550276761945 68
1765803360561 0.02963584122297011 69
1765803360580 0.05648325820614521 70
1765803360599 0.04457770964424861 71
1765803360619 0.03142686199424859 72
1765803360637 0.12145332619372784 73
1765803360654 0.036449730117924344 74
1765803360671 0.05434468087453143 75
1765803360690 0.03643128018182023 76
1765803360706 0.07143084850526393 77
1765803360723 0.052284158859270645 78
1765803360739 0.04945973480554452 79
1765803360757 0.03915546049409427 80
1765803360773 0.07152804658797227 81
1765803360791 0.021202909150966127 82
1765803360808 0.03452901311806942 83
1765803360826 0.0270467536257846 84
1765803360844 0.04182569549552032 85
1765803360864 0.03885684772989804 86
1765803360882 0.027945735666872862 87
1765803360898 0.04733984381016484 88
1765803360916 0.02514482012333233 89
1765803360934 0.11310693053038497 90
1765803360951 0.02159427939669082 91
1765803360969 0.039370857725354064 92
1765803360987 0.031053982275157717 93
1765803361004 0.048072459694362225 94
1765803361023 0.03067497995899136 95
1765803361041 0.02027279487504673 96
1765803361057 0.030276394022026455 97
1765803361074 0.020926098514101432 98
1765803361093 0.07947466271680857 99
1765803361112 0.020277224700916315 100
1765803361131 0.01584944790018995 101
1765803361149 0.039091340576900745 102
1765803361167 0.04775064460989228 103
