1765803300068 0.7186574790262639 1
1765803300113 0.09008732173395784 2
1765803300153 0.06225582720060602 3
1765803300195 0.013110374436622723 4
1765803300237 0.01306866271564863 5
1765803300283 0.01939470106884627 6
1765803300327 0.014267184253417909 7
1765803300371 0.027173232084426405 8
1765803300412 0.007222304156738731 9
1765803300467 0.02719813744745198 10
1765803300513 0.03703745229293937 11
1765803300556 0.0011052856875755964 12
1765803300599 0.0046580210931582615 13
1765803300640 0.002183738049651786 14
1765803300682 0.0015955221714703065 15
1765803300730 0.011016643932436168 16
1765803300772 0.0008769567538310316 17
1765803300826 0.024113537891203567 18
1765803300868 0.015324315466185177 19
1765803300906 0.0012893307015118829 20
1765803300945 0.0014243325604380666 21
1765803300987 0.0058637098749919885 22
1765803301028 0.008818291724105108 23
1765803301068 0.026384567567247427 24
1765803301109 0.0068948622662702306 25
1765803301147 0.0003381631603061626 26
1765803301190 0.0005108784573886945 27
1765803301232 0.0012291086976976412 28
1765803301275 0.0002726890005964946 29
1765803301323 0.0006735271067619113 30
1765803301366 0.00030640045486223216 31
1765803301404 0.0007121315027690475 32
1765803301444 3.8612929243409144e-05 33
1765803301486 0.000232702337734597 34
1765803301523 0.00021724068510100926 35
1765803301559 0.0001780165904982365 36
1765803301596 3.909785588834688e-05 37
1765803301638 0.00010047594522994156 38
1765803301679 3.527867344805078e-05 39
1765803301719 0.00010483887293615335 40
1765803301764 1.0934581045303806e-05 41
1765803301801 4.287680674620656e-05 42
1765803301840 0.0003192838721208106 43
1765803301882 9.950847856859832e-05 44
1765803301923 7.09779973834165e-05 45
1765803301965 0.00019202956477375866 46
1765803302008 0.00046785803514665146 47
1765803302049 0.00014881061994635747 48
1765803302089 6.58680170211045e-05 49
1765803302132 4.262724021920352e-05 50
1765803302174 0.00026274008248067205 51
1765803302212 4.772715766501379e-05 52
1765803302249 0.0005269549823303788 53
1765803302290 0.0004170428013932215 54
1765803302329 9.315314364622604e-06 55
1765803302376 5.329884068621433e-05 56
1765803302418 0.0001940953885972891 57
1765803302460 7.602451938032231e-05 58
1765803302507 0.00043655215470343246 59
1765803302551 7.5005543363027255e-06 60
1765803302594 4.373542224363777e-05 61
1765803302637 0.00010940643301503263 62
1765803302677 4.874678325401354e-05 63
1765803302719 1.6594626419541236e-05 64
1765803302756 5.9774625674628136e-05 65
1765803302795 0.000373924430949275 66
1765803302834 3.614615688120107e-06 67
1765803302880 7.409292294155455e-06 68
1765803302923 0.00010356334679559758 69
1765803302962 9.245470289442892e-05 70
1765803302998 1.4642424133145446e-05 71
1765803303031 1.2680595115123932e-05 72
1765803303066 5.611250051228531e-05 73
1765803303099 4.598623351935835e-06 74
1765803303134 1.945537719937187e-05 75
1765803303169 0.0001505055229208182 76
1765803303204 4.6249787066117674e-05 77
1765803303239 3.837859063617003e-05 78
1765803303272 3.361259954491738e-05 79
1765803303306 9.60740915173049e-06 80
1765803303337 2.2885142475061465e-05 81
1765803303370 5.557756960454863e-05 82
1765803303401 8.770653834772088e-06 83
1765803303432 7.182205345892233e-06 84
1765803303464 0.0003009535169889105 85
1765803303495 1.6245614322523872e-05 86
1765803303525 6.187604089680555e-06 87
1765803303554 2.2805534966586495e-05 88
1765803303585 0.00022824337103825125 89
1765803303619 4.669423085538452e-05 90
1765803303651 5.245605028873038e-05 91
1765803303681 5.828177782871251e-06 92
1765803303715 6.202741018474332e-05 93
1765803303751 8.606096140944805e-06 94
1765803303783 1.4571976001352818e-05 95
1765803303815 9.118593071003775e-05 96
1765803303845 0.0004496575709961974 97
1765803303876 5.053074831117552e-06 98
1765803303906 6.461315785969432e-06 99
1765803303939 0.002532625109224663 100
1765803303971 0.00042867055640256126 101
1765803304002 0.00047924966542381995 102
1765803304033 7.112527614868014e-05 103
1765803304062 9.446201471412241e-05 104
1765803304094 0.0002657770880035673 105
1765803304127 1.1036474355600939e-05 106
1765803304159 1.735207694236281e-06 107
1765803304191 2.929841831691794e-05 108
1765803304221 1.0138502993690946e-05 109
1765803304252 2.6861280742019017e-06 110
1765803304284 9.89248416925605e-05 111
1765803304315 4.219472598820355e-05 112
1765803304345 8.650179074806133e-06 113
1765803304374 9.482860234866303e-07 114
1765803304405 0.00019702062839860104 115
1765803304436 0.00016301007353600872 116
1765803304466 6.863138913370674e-05 117
1765803304497 2.3410530756246204e-06 118
1765803304530 1.534846663938318e-05 119
1765803304561 8.212921434734785e-05 120
1765803304591 1.034062463988125e-05 121
1765803304621 3.6317525228443025e-05 122
1765803304653 4.12898017266574e-06 123
1765803304684 1.2386173935984649e-05 124
1765803304712 3.9815263343359507e-05 125
1765803304745 1.2452220327919123e-05 126
1765803304774 0.0015839052603471167 127
1765803304805 8.15989819268512e-05 128
1765803304834 3.227432064758623e-06 129
1765803304866 0.0007816322710371045 130
1765803304899 2.347211307470556e-06 131
1765803304930 2.979651848673648e-05 132
1765803304960 0.000682104837965737 133
1765803304992 2.0038338687790846e-05 134
