1765279296222 0.9506986701398864 1
1765279296248 0.40371203915517134 2
1765279296277 0.13466894503024623 3
1765279296306 0.1768979047025953 4
1765279296334 0.09185775313999056 5
1765279296365 0.1554333660327059 6
1765279296396 0.09995394993849804 7
1765279296431 0.0639493333217793 8
1765279296467 0.0597224406638932 9
1765279296502 0.07180098428686772 10
1765279296540 0.17224941888576395 11
1765279296582 0.06493031440383258 12
1765279296618 0.07341426670117064 13
1765279296651 0.02964277315733401 14
1765279296684 0.026524716034563103 15
1765279296721 0.09393169734667574 16
1765279296757 0.10299082469242948 17
1765279296791 0.01772432999264755 18
1765279296826 0.08832490095425469 19
1765279296888 0.07098899478630226 20
1765279296940 0.04409862188617979 21
1765279296987 0.026267736072694003 22
1765279297031 0.007229900093247316 23
1765279297070 0.02077157033412855 24
1765279297105 0.03310034976755832 25
1765279297133 0.028472714590119914 26
1765279297161 0.021881514784314975 27
1765279297187 0.030050270806136672 28
1765279297218 0.02261420188646079 29
1765279297254 0.07951805587197983 30
1765279297286 0.07342913413984727 31
1765279297318 0.0985399408385278 32
1765279297345 0.026497734179278802 33
1765279297374 0.05222766237168389 34
1765279297412 0.03655724451871192 35
1765279297439 0.013014815593356288 36
1765279297471 0.14057550098746135 37
1765279297497 0.02653496610911045 38
1765279297526 0.04977794225300372 39
1765279297554 0.10388150250169806 40
1765279297583 0.09087458945474022 41
1765279297610 0.04040397439545824 42
1765279297641 0.12346394503965286 43
1765279297672 0.05321407956785664 44
1765279297702 0.012825632958835802 45
1765279297736 0.08999557407918118 46
1765279297766 0.06901316597134412 47
1765279297795 0.016336106279766654 48
1765279297826 0.024100844627444298 49
1765279297856 0.02773333069293093 50
1765279297887 0.15440864495856735 51
1765279297913 0.027259800936026056 52
1765279297941 0.030128985905496546 53
1765279297975 0.18338529825669503 54
1765279298010 0.03390913113450134 55
1765279298046 0.037773799387165276 56
1765279298079 0.023302529409148634 57
1765279298109 0.019219616704579227 58
1765279298153 0.04332833281686827 59
1765279298192 0.036728689520067324 60
1765279298223 0.01464164229403657 61
1765279298258 0.062247901255774084 62
1765279298300 0.0473893728657342 63
1765279298337 0.0636329631980427 64
1765279298369 0.05708194862686755 65
1765279298399 0.014053612658118593 66
1765279298429 0.023419011742828132 67
1765279298460 0.03942309341493825 68
1765279298486 0.020402627248613994 69
1765279298514 0.020769957461765232 70
1765279298542 0.014079778231525316 71
1765279298573 0.08333047089982822 72
1765279298602 0.02728627428228733 73
1765279298632 0.07680688774740715 74
1765279298659 0.029288306104157034 75
1765279298688 0.034140431174196954 76
1765279298716 0.03718870672085109 77
1765279298743 0.02265682497696767 78
1765279298774 0.006352201216572145 79
1765279298804 0.025508549558732118 80
1765279298834 0.04089929382253035 81
1765279298864 0.00538637078258937 82
1765279298892 0.06291757491509684 83
1765279298922 0.01582894377886139 84
1765279298952 0.04365899795974693 85
1765279298985 0.014651454032107344 86
1765279299015 0.013227403250745874 87
1765279299048 0.021350074141287523 88
1765279299082 0.007307284618694139 89
1765279299120 0.04008501711861303 90
1765279299150 0.027951471697746512 91
1765279299180 0.022323025795879716 92
1765279299210 0.015605749423632508 93
1765279299238 0.030207444673363313 94
1765279299268 0.049644348516059485 95
1765279299297 0.08741156998369386 96
1765279299324 0.003247853104026118 97
1765279299354 0.023323059376309203 98
1765279299380 0.07505782890081122 99
1765279299418 0.0034768046514487777 100
1765279299457 0.024765062694344885 101
1765279299487 0.06892752316723966 102
1765279299517 0.011415669050904426 103
1765279299549 0.09188966255191244 104
1765279299579 0.04461187625554858 105
1765279299606 0.007736657017518101 106
1765279299636 0.1667533254289439 107
1765279299666 0.024848055628072678 108
1765279299719 0.05372473819025095 109
1765279299763 0.04061701111005052 110
1765279299801 0.02383628950636708 111
1765279299842 0.11936721455167298 112
1765279299881 0.02511028437683841 113
1765279299918 0.0762759889669115 114
1765279299956 0.03704390773534276 115
1765279299985 0.031333446318158986 116
1765279300011 0.19685371928426443 117
1765279300038 0.007237823402674476 118
1765279300067 0.07736895695489109 119
1765279300098 0.07260167193396042 120
1765279300125 0.052578338652672266 121
1765279300154 0.035423941387409945 122
1765279300185 0.04793655355002502 123
1765279300215 0.09209514995540699 124
1765279300243 0.018950806866851258 125
1765279300271 0.048626682812065475 126
1765279300299 0.028847622275866923 127
1765279300327 0.012190757982277318 128
1765279300357 0.025090690033460993 129
1765279300386 0.026870332063129155 130
1765279300419 0.013407606420541939 131
1765279300448 0.06265715744067647 132
1765279300479 0.005995931315640816 133
1765279300508 0.022614960125054415 134
1765279300534 0.02123575810721246 135
1765279300561 0.0462200816812248 136
1765279300588 0.06431805023767527 137
1765279300617 0.033958469624217696 138
1765279300644 0.015682330671025733 139
1765279300676 0.05650391367051137 140
1765279300708 0.004708091666710094 141
