1765233813045 1.1532597326694574 1
1765233813069 1.1314795017242432 2
1765233813099 1.0778299686603976 3
1765233813129 1.0409135849852311 4
1765233813159 1.0010397066747336 5
1765233813190 0.9545681028437794 6
1765233813219 0.9309429230546593 7
1765233813253 0.8810477427073887 8
1765233813286 0.8360131983470199 9
1765233813314 0.807255787060673 10
1765233813338 0.7565286110218307 11
1765233813371 0.7321215491545828 12
1765233813404 0.6692866705414048 13
1765233813431 0.6309946865067446 14
1765233813471 0.5767513997572705 15
1765233813513 0.5217470212986595 16
1765233813545 0.5113685780898073 17
1765233813581 0.48049663556249517 18
1765233813614 0.4246558482037451 19
1765233813643 0.41392089773837787 20
1765233813668 0.38377288656127184 21
1765233813695 0.3455428375785512 22
1765233813722 0.3324914776292959 23
1765233813749 0.3044439733476567 24
1765233813777 0.26926973394881515 25
1765233813807 0.25555618230561566 26
1765233813837 0.24125051834529504 27
1765233813875 0.2212391928174442 28
1765233813912 0.20075805877384387 29
1765233813948 0.20475458516214126 30
1765233813980 0.16288105291979654 31
1765233814017 0.1797211016703369 32
1765233814047 0.16457407747892508 33
1765233814078 0.13967929570410484 34
1765233814104 0.1483729341088381 35
1765233814133 0.13860638635723213 36
1765233814165 0.13807511887043938 37
1765233814198 0.12094034260152874 38
1765233814231 0.12158477676094026 39
1765233814265 0.11773133132242619 40
1765233814296 0.1177523625748498 41
1765233814330 0.10800803419118538 42
1765233814363 0.09143521435054622 43
1765233814388 0.09893909976222462 44
1765233814416 0.08252132353477908 45
1765233814443 0.07341610883971803 46
1765233814469 0.07671244764574488 47
1765233814501 0.08925775074421015 48
1765233814529 0.1044770320107166 49
1765233814556 0.07512888317941722 50
1765233814583 0.07588920907530569 51
1765233814610 0.0710443287975806 52
1765233814633 0.06758406030056172 53
1765233814659 0.06459316006630547 54
1765233814687 0.07521272517908785 55
1765233814713 0.05799063177485215 56
1765233814737 0.06731695401713364 57
1765233814765 0.053260993786660354 58
1765233814791 0.05458192390046621 59
1765233814816 0.05500198182250772 60
1765233814843 0.05797065959725165 61
1765233814866 0.049698339313044584 62
1765233814894 0.054309469178543054 63
1765233814919 0.037657277882659344 64
1765233814943 0.033178296024189854 65
1765233814966 0.04525844720577387 66
1765233814992 0.05168098762379329 67
1765233815018 0.04723028566940386 68
1765233815046 0.04814375925781135 69
1765233815074 0.04179377377705466 70
1765233815100 0.03419385678169871 71
1765233815124 0.03651296159714684 72
1765233815148 0.03982757065529214 73
1765233815175 0.033358620395673846 74
1765233815201 0.033503233055983274 75
1765233815228 0.041949358663724776 76
1765233815253 0.02978116800462393 77
1765233815278 0.03221161160057873 78
1765233815305 0.029368988931515162 79
1765233815330 0.03454942566419678 80
1765233815356 0.04121523246841323 81
1765233815387 0.032650313599217204 82
1765233815416 0.026681179509855303 83
1765233815444 0.03655541038378737 84
1765233815468 0.0239588742081384 85
1765233815493 0.03040569174782674 86
1765233815521 0.032401193213418014 87
1765233815550 0.023830550148578964 88
1765233815579 0.025131998093504655 89
1765233815605 0.025328623109910273 90
1765233815635 0.035263386078851114 91
1765233815668 0.020378195281539644 92
1765233815698 0.025265121776470563 93
1765233815725 0.02044684761308862 94
1765233815750 0.022510597034168422 95
1765233815776 0.023342478411146124 96
1765233815805 0.01947892151941034 97
1765233815833 0.01810701164816107 98
1765233815859 0.017820826136416064 99
1765233815889 0.01569329001205532 100
1765233815920 0.020354428062043888 101
1765233815948 0.023561674037149975 102
1765233815975 0.015463038634760935 103
1765233816001 0.02145526974104849 104
1765233816026 0.01502036320087605 105
1765233816050 0.01282450061683592 106
1765233816079 0.018354236059016864 107
1765233816108 0.016331799580414492 108
1765233816134 0.019032296623082312 109
1765233816163 0.012574415625934313 110
1765233816190 0.0196871094552702 111
1765233816219 0.017595413175964712 112
1765233816249 0.027220519501155706 113
1765233816274 0.022884778167240154 114
1765233816299 0.012397506978026683 115
