1765803346392 1.1059037034672903 1
1765803346412 1.0379251734654706 2
1765803346429 1.009124023573739 3
1765803346449 0.9689083426518548 4
1765803346468 0.9446178369952324 5
1765803346494 0.8945736737179577 6
1765803346524 0.8486113929210749 7
1765803346550 0.8070523685082457 8
1765803346579 0.7815935468315182 9
1765803346605 0.7258768404336801 10
1765803346632 0.6593127107261715 11
1765803346655 0.6437467444211917 12
1765803346678 0.5629578223802093 13
1765803346704 0.5070491049970899 14
1765803346733 0.47678072649733466 15
1765803346759 0.43407852824469256 16
1765803346779 0.39012382241120014 17
1765803346805 0.3425785791605039 18
1765803346826 0.33486519092904 19
1765803346851 0.29000542262443024 20
1765803346875 0.25329497770259257 21
1765803346897 0.23769705512918027 22
1765803346916 0.2381553598364493 23
1765803346934 0.2039049891825009 24
1765803346953 0.17956937636647904 25
1765803346978 0.16515833257060303 26
1765803347005 0.14535231832274817 27
1765803347028 0.14807052137260152 28
1765803347052 0.12616417461768129 29
1765803347076 0.16006228260527877 30
1765803347104 0.14279836407841595 31
1765803347137 0.1211755417455408 32
1765803347165 0.12011929696663878 33
1765803347193 0.1039872771423114 34
1765803347213 0.10290422605672725 35
1765803347231 0.08868335484337986 36
1765803347252 0.08756260092097118 37
1765803347270 0.10140322257337489 38
1765803347287 0.07894792609420934 39
1765803347305 0.10153724975827941 40
1765803347325 0.07254152667281547 41
1765803347346 0.07954786729095574 42
1765803347370 0.08020638691303425 43
1765803347390 0.068593972495624 44
1765803347409 0.0665458344287218 45
1765803347429 0.057526668432147654 46
1765803347452 0.04449605999192349 47
1765803347472 0.07540069352415271 48
1765803347489 0.07103311763446134 49
1765803347508 0.05588851993749464 50
1765803347526 0.04961640141288141 51
1765803347544 0.038140410543384407 52
1765803347564 0.03733989128604867 53
1765803347585 0.05634038447213352 54
1765803347604 0.0569939517269009 55
1765803347625 0.031455505163149725 56
1765803347646 0.05211816095095828 57
1765803347667 0.05387840964424396 58
1765803347687 0.0710451178448765 59
1765803347705 0.0425012686422893 60
1765803347724 0.04423886257454865 61
1765803347741 0.03274972711626748 62
1765803347759 0.04716109845759277 63
1765803347779 0.03336854776913734 64
1765803347798 0.04976332025196319 65
1765803347817 0.027150665420804285 66
1765803347835 0.036972606693800626 67
1765803347853 0.028725987090203995 68
1765803347872 0.019724186621886446 69
1765803347892 0.022707646054432803 70
1765803347910 0.023066987549620017 71
1765803347928 0.0346811548281545 72
1765803347945 0.02846331103823911 73
1765803347967 0.023132539232159945 74
1765803347992 0.028865939440359745 75
1765803348011 0.04218506632386742 76
1765803348029 0.021884271188786154 77
1765803348047 0.021933149616409065 78
1765803348063 0.019301261343201974 79
1765803348081 0.018242373574118977 80
1765803348099 0.0295025510153264 81
1765803348120 0.04159630178228805 82
1765803348139 0.020713625909914647 83
1765803348158 0.02570370673657136 84
1765803348178 0.023462796905883272 85
1765803348197 0.02713343645340966 86
1765803348217 0.016478346256343156 87
1765803348237 0.023779727441531822 88
1765803348256 0.029336887330370008 89
1765803348273 0.01611239884636904 90
1765803348291 0.023906561490008256 91
1765803348308 0.0175910074459879 92
1765803348325 0.013674103900005943 93
1765803348343 0.04289497144492273 94
1765803348361 0.026906785660220266 95
1765803348381 0.014820893979596352 96
1765803348400 0.008343637745855446 97
1765803348420 0.020984530965342446 98
1765803348437 0.012315949932777119 99
1765803348456 0.025753129799710235 100
1765803348476 0.007921267655396684 101
1765803348502 0.019261725877124564 102
1765803348523 0.012319710952951047 103
1765803348540 0.017529656200256562 104
1765803348558 0.0058144665029095976 105
1765803348578 0.025096286116237928 106
1765803348599 0.010892594107111594 107
1765803348621 0.008772924556869566 108
1765803348639 0.03821111565693877 109
1765803348658 0.009252135578851054 110
1765803348677 0.01576563631905649 111
1765803348695 0.014161058992175455 112
1765803348715 0.01781574358526421 113
1765803348738 0.009227812444245009 114
1765803348770 0.023400663011322233 115
1765803348799 0.008255247684909884 116
1765803348824 0.009216990798039544 117
1765803348845 0.008587541283174818 118
1765803348867 0.013653982035059454 119
1765803348887 0.017966249467510926 120
1765803348909 0.010775011306680227 121
1765803348931 0.01300506868246064 122
1765803348952 0.011942276946458042 123
1765803348974 0.015159176897145528 124
1765803348996 0.008754478711494826 125
1765803349017 0.01288012629444886 126
1765803349038 0.0115873273707142 127
1765803349061 0.00691534745107804 128
1765803349087 0.024313713682997496 129
1765803349105 0.006673009274877552 130
1765803349126 0.008422254765042126 131
1765803349148 0.006908360487060216 132
1765803349170 0.0058884965115808 133
1765803349188 0.005586222026908956 134
1765803349213 0.008870998922651424 135
1765803349233 0.0067805286384838865 136
1765803349251 0.010438603980998908 137
1765803349272 0.007797735771234322 138
1765803349290 0.011139737865303865 139
1765803349308 0.007560795870665601 140
1765803349327 0.005450038307195851 141
1765803349345 0.006648750246600493 142
1765803349365 0.004584180543031124 143
1765803349384 0.005451317097557555 144
1765803349405 0.007916982248915653 145
1765803349421 0.008617009440687733 146
1765803349438 0.003550299368028466 147
1765803349454 0.02157917156591451 148
1765803349474 0.005241421109093423 149
1765803349496 0.005495011626175584 150
