1765233797686 1.1123613352166082 1
1765233797694 1.0837515632909043 2
1765233797702 1.0567516213969181 3
1765233797710 1.03100884229617 4
1765233797718 1.0061683112517334 5
1765233797726 0.9828586439441022 6
1765233797733 0.9593699525173446 7
1765233797743 0.9363780837309988 8
1765233797754 0.9135447592663586 9
1765233797764 0.8901282929836359 10
1765233797775 0.8671320201759052 11
1765233797783 0.8430904938762349 12
1765233797791 0.8196663291830766 13
1765233797800 0.7959675004607752 14
1765233797808 0.7727347787161519 15
1765233797816 0.7497843002018175 16
1765233797825 0.7260315427206513 17
1765233797835 0.7026938464408531 18
1765233797845 0.6793154388442075 19
1765233797855 0.6563589380199748 20
1765233797866 0.633395945219169 21
1765233797876 0.6109487566732823 22
1765233797885 0.5879935133726077 23
1765233797895 0.5656709487276866 24
1765233797904 0.5435011857434323 25
1765233797915 0.5220267938491994 26
1765233797925 0.5004270094677918 27
1765233797934 0.4805099663877846 28
1765233797944 0.4599485433191285 29
1765233797953 0.44066375426780013 30
1765233797961 0.42152573425966994 31
1765233797972 0.4036316472784917 32
1765233797980 0.3861862878154095 33
1765233797990 0.3694038482985102 34
1765233797999 0.3533336179597037 35
1765233798009 0.3378804170323494 36
1765233798018 0.3235946671855181 37
1765233798028 0.3096501090024647 38
1765233798037 0.29683920113663925 39
1765233798047 0.2845591927381386 40
1765233798057 0.273109420013607 41
1765233798066 0.26208295028908807 42
1765233798075 0.25184193724080134 43
1765233798083 0.24185182120566978 44
1765233798095 0.23264542479712264 45
1765233798104 0.2237744026054117 46
1765233798112 0.21571461128112965 47
1765233798120 0.20772864966464222 48
1765233798128 0.20040099490854077 49
1765233798137 0.19297617550631216 50
1765233798147 0.18619184072752645 51
1765233798158 0.1795316049479004 52
1765233798169 0.1736642241029811 53
1765233798179 0.16788656684689054 54
1765233798190 0.16228960353629032 55
1765233798200 0.15735606905212976 56
1765233798211 0.15221452847459263 57
1765233798221 0.14791589717667802 58
1765233798229 0.14349770540357532 59
1765233798236 0.13938667171431662 60
1765233798245 0.13539117983633414 61
1765233798254 0.13154290728551105 62
1765233798262 0.12802021423900933 63
1765233798270 0.12452927679943859 64
1765233798279 0.12116184987519917 65
1765233798288 0.11787667290720724 66
1765233798297 0.1147919413738681 67
1765233798304 0.11178164385763326 68
1765233798314 0.10896922692768556 69
1765233798324 0.10621077976280585 70
1765233798333 0.10347820577540792 71
1765233798344 0.10100977268434108 72
1765233798351 0.09864419373802673 73
