1765233800969 1.0902854715074812 1
1765233800998 1.0847303114439313 2
1765233801041 1.090004347320786 3
1765233801081 1.076204286482101 4
1765233801124 1.0856573133540333 5
1765233801164 1.0833210461121752 6
1765233801209 1.0831845093490486 7
1765233801251 1.0852590082283307 8
1765233801285 1.0809543670568251 9
1765233801317 1.069796703811875 10
1765233801348 1.072050544552337 11
1765233801379 1.064164948642702 12
1765233801411 1.0814361733601505 13
1765233801441 1.0637346031074237 14
1765233801470 1.0569278620239486 15
1765233801497 1.068646932903089 16
1765233801524 1.0657283964013695 17
1765233801552 1.044169673346039 18
1765233801579 1.0574901390792733 19
1765233801607 1.0419985764008715 20
1765233801634 1.0548808583639617 21
1765233801672 1.0485303428836334 22
1765233801712 1.0353148727488697 23
1765233801746 1.0232528887296979 24
1765233801786 1.0414761582711585 25
1765233801824 1.0241766773668446 26
1765233801862 1.0258768572843164 27
1765233801895 1.0036763069324923 28
1765233801928 1.0023011166350286 29
1765233801957 0.9884552686734307 30
1765233801984 0.993337467200774 31
1765233802011 0.9841865023275963 32
1765233802040 0.9852924414147112 33
1765233802068 0.9850438730160993 34
1765233802095 0.9655211276577828 35
1765233802120 0.9585387034523756 36
1765233802146 0.9670615967055013 37
1765233802174 0.9456616622164733 38
1765233802198 0.9462479227467587 39
1765233802223 0.9408624373880544 40
1765233802253 0.9368983525082581 41
1765233802281 0.9247224814909741 42
1765233802312 0.8963903583082041 43
1765233802340 0.9206156847172213 44
1765233802369 0.8882947613422135 45
1765233802397 0.8790143127728226 46
1765233802422 0.8986214471042604 47
1765233802451 0.9128020253396572 48
1765233802480 0.8501059471216417 49
1765233802511 0.8329824903853854 50
1765233802545 0.8659376950192272 51
1765233802584 0.8392424641695237 52
1765233802612 0.8104875105664247 53
1765233802641 0.805533046112921 54
1765233802670 0.8159133330323642 55
1765233802698 0.795861950494293 56
1765233802724 0.8083787806948325 57
1765233802751 0.7909082900312611 58
1765233802782 0.7505421867047933 59
1765233802812 0.758200762863446 60
1765233802842 0.7579205466392345 61
1765233802866 0.7398019742248649 62
1765233802893 0.7670531174294034 63
1765233802923 0.7609065502209771 64
1765233802951 0.7269522803170341 65
1765233802978 0.7230165094361269 66
1765233803003 0.7688768438826826 67
1765233803030 0.7156738925697212 68
1765233803054 0.7043098345735019 69
1765233803080 0.6972245210991767 70
1765233803109 0.6976286141495955 71
1765233803138 0.6812481579923988 72
1765233803165 0.6787840741917603 73
1765233803189 0.6925732842961648 74
1765233803213 0.7137955445096009 75
1765233803241 0.7018719974317049 76
1765233803268 0.677504713373973 77
1765233803297 0.6578014246503213 78
1765233803323 0.6748145558780297 79
1765233803348 0.6193868262427193 80
1765233803378 0.6362708367799458 81
1765233803409 0.6148729826274671 82
1765233803440 0.6363070293476707 83
1765233803473 0.6207118715558734 84
1765233803502 0.6684421318814271 85
1765233803533 0.6230694947386146 86
1765233803561 0.6151648535764307 87
1765233803589 0.6215515638652601 88
1765233803615 0.6219803614723951 89
1765233803648 0.5943205811475453 90
1765233803675 0.5891524454704801 91
1765233803703 0.5789129913301396 92
1765233803735 0.5866965976424683 93
1765233803764 0.5885339805058071 94
1765233803795 0.587526318946279 95
1765233803823 0.5836192118494135 96
1765233803848 0.5643750783196069 97
1765233803879 0.5700859566380206 98
1765233803905 0.5810457342549374 99
1765233803933 0.5504884096912872 100
1765233803960 0.5635696071431153 101
1765233803984 0.5514096250211385 102
1765233804016 0.5402417164996154 103
1765233804044 0.5182318535066188 104
1765233804070 0.5514484603602187 105
1765233804097 0.5656504496595913 106
1765233804124 0.5560547212012729 107
1765233804152 0.4983202102489041 108
1765233804184 0.547996769722243 109
1765233804210 0.5298780830282914 110
1765233804243 0.5484109095164708 111
1765233804276 0.5512625543694747 112
1765233804304 0.5033039060750402 113
1765233804330 0.5060686702118781 114
1765233804355 0.5382995417243556 115
1765233804384 0.5063368866318151 116
1765233804415 0.5170048726232428 117
1765233804441 0.5042757779583895 118
1765233804465 0.51940320913953 119
1765233804492 0.5280617847478479 120
1765233804527 0.49817918207412376 121
1765233804568 0.5278544269110027 122
1765233804606 0.4793171542031424 123
1765233804643 0.5017812827924141 124
1765233804674 0.47102532619820503 125
1765233804717 0.45888713159059225 126
1765233804755 0.4583676210919717 127
1765233804786 0.5025636921251627 128
1765233804819 0.4770808626610534 129
1765233804850 0.4491405186796547 130
1765233804880 0.485728400990479 131
1765233804911 0.4979369429717387 132
1765233804943 0.4684314104847442 133
1765233804969 0.42182883463407816 134
1765233804999 0.4882002558026995 135
1765233805026 0.4607327545159741 136
1765233805052 0.457764714732206 137
1765233805086 0.47682176496749534 138
1765233805114 0.4374662633229019 139
