1765803312245 0.4034874312635651 1
1765803312267 0.04316624518548649 2
1765803312286 0.0031462374480557436 3
1765803312304 0.002142986757995883 4
1765803312324 0.0006721074091284461 5
1765803312342 0.0004103673071446443 6
1765803312364 0.00026055404906996166 7
1765803312382 0.00022476262763250685 8
1765803312396 0.00020729017142413002 9
1765803312416 0.00019137873586348855 10
1765803312433 0.00017849533377440986 11
1765803312456 0.00016702011208351056 12
1765803312475 0.0001562808486193163 13
1765803312495 0.0001506125567298421 14
1765803312515 0.00014632721969864813 15
1765803312531 0.0001363476095095284 16
1765803312551 0.00012627160481828387 17
1765803312566 0.00011958570459163249 18
1765803312581 0.00011109571661156798 19
1765803312597 0.00010647890560637068 20
1765803312611 0.00010074994112361118 21
1765803312625 9.699324849386761e-05 22
1765803312639 9.386250041328945e-05 23
1765803312657 8.807919163557112e-05 24
1765803312675 8.317282805720403e-05 25
1765803312689 7.901004475324338e-05 26
1765803312705 7.50649277253437e-05 27
1765803312721 7.258851686022087e-05 28
1765803312741 6.952520519356275e-05 29
1765803312761 6.681550817154487e-05 30
1765803312779 6.453482085265107e-05 31
1765803312801 6.185627260260263e-05 32
1765803312821 5.9800563813349385e-05 33
1765803312844 5.743618456286175e-05 34
1765803312864 5.5919347899437256e-05 35
1765803312885 5.3851058968356846e-05 36
1765803312905 5.170671264702258e-05 37
1765803312922 5.041800634495658e-05 38
1765803312943 4.859329340235449e-05 39
1765803312965 4.734892302492101e-05 40
1765803312985 4.582268631319788e-05 41
1765803313005 4.393791591029096e-05 42
1765803313024 4.2822767403421514e-05 43
1765803313040 4.147474218664964e-05 44
1765803313055 4.034667607695319e-05 45
1765803313070 3.9327135333647824e-05 46
1765803313085 3.797081778354635e-05 47
1765803313100 3.679168215133092e-05 48
1765803313113 3.5982784887399834e-05 49
1765803313127 3.4707241243986096e-05 50
1765803313140 3.391520266105592e-05 51
1765803313154 3.3109868516995835e-05 52
1765803313167 3.226315410088139e-05 53
1765803313183 3.135183704531177e-05 54
1765803313199 3.059753594482716e-05 55
1765803313214 2.9888801028097706e-05 56
1765803313228 2.834453464000281e-05 57
1765803313243 2.8165552039232417e-05 58
1765803313267 2.7494518614997316e-05 59
1765803313288 2.6775883550972756e-05 60
1765803313307 2.6138761224734153e-05 61
1765803313324 2.5503408043486454e-05 62
1765803313344 2.501492981126714e-05 63
1765803313364 2.4304302841253383e-05 64
1765803313384 2.364121728088574e-05 65
1765803313401 2.312866837898507e-05 66
1765803313420 2.264653142590664e-05 67
1765803313437 2.2179630435775628e-05 68
1765803313456 2.1701097233218253e-05 69
1765803313476 2.1209136375629566e-05 70
1765803313491 2.0772761611015838e-05 71
1765803313505 2.035157580619962e-05 72
1765803313518 1.9909784590285047e-05 73
1765803313531 1.9442072937539307e-05 74
1765803313544 1.9168786807278964e-05 75
1765803313565 1.872077037195342e-05 76
1765803313579 1.838202029160273e-05 77
1765803313591 1.80674923511215e-05 78
1765803313608 1.772611174368977e-05 79
1765803313628 1.7302225114006542e-05 80
1765803313645 1.6977806616900982e-05 81
1765803313661 1.6664169348737607e-05 82
1765803313675 1.6451823319215676e-05 83
1765803313689 1.607995589547773e-05 84
1765803313703 1.5772553948559482e-05 85
1765803313716 1.531471675354309e-05 86
1765803313729 1.5076417845651813e-05 87
1765803313742 1.484880787553553e-05 88
1765803313754 1.4555760708732068e-05 89
1765803313766 1.4316462709371252e-05 90
1765803313778 1.4033256036755051e-05 91
1765803313797 1.3802941211017747e-05 92
