1765235497195 0.8710639926051735 1
1765235497250 0.1478350452686611 2
1765235497296 0.1271475289998724 3
1765235497339 0.08704624447229325 4
1765235497380 0.015000834504380486 5
1765235497417 0.003083266511833456 6
1765235497450 0.013109202940267321 7
1765235497488 0.005125275672358647 8
1765235497540 0.01954938000754306 9
1765235497585 0.006161491926599739 10
1765235497660 0.07158745912658246 11
1765235497712 0.0006562048095511649 12
1765235497764 0.001554310421646969 13
1765235497812 0.009599054612661527 14
1765235497858 0.07622802201606312 15
1765235497903 0.018461534703951708 16
1765235497935 0.039690258776068334 17
1765235497974 0.020851994409648984 18
1765235498008 0.07605227759369225 19
1765235498043 0.011835356869786344 20
1765235498075 0.0001897204567550462 21
1765235498109 0.0009645887172147505 22
1765235498144 0.00018949210203800249 23
1765235498178 0.007307316274184478 24
1765235498212 0.00010810428981275926 25
1765235498252 0.0003799435817131609 26
1765235498285 0.042644373699562095 27
1765235498316 0.00029615238387871895 28
1765235498348 0.016530863781399716 29
1765235498380 0.005059085815135309 30
1765235498412 0.0008153647473128396 31
1765235498448 0.0005210487186621876 32
1765235498481 5.7155775282678534e-05 33
1765235498512 0.00017273726106138479 34
1765235498546 0.053000826093632984 35
1765235498577 0.0001615885156934874 36
1765235498608 0.013919706131357694 37
1765235498639 0.0019164967013927967 38
1765235498672 0.00011048048417052207 39
1765235498705 8.592068834141977e-05 40
1765235498740 3.0016176317655007e-05 41
1765235498773 5.2313636459723424e-05 42
1765235498806 0.0007316157143235134 43
1765235498840 0.0003435476272061676 44
1765235498873 0.0019009770683997946 45
1765235498907 1.764695120848022e-05 46
1765235498941 3.8403951403570934e-05 47
1765235498973 0.00018909599637360354 48
1765235499007 0.0001084709158141234 49
1765235499040 0.0001705937299924775 50
1765235499074 3.105848000093776e-05 51
1765235499108 0.017614450641993927 52
1765235499141 7.382102139856277e-05 53
1765235499182 0.0002352827184783211 54
1765235499219 7.563169146494961e-06 55
1765235499248 9.363693183346806e-05 56
1765235499283 0.0030249335138705646 57
1765235499319 1.9493842546196052e-06 58
1765235499351 9.98867245946309e-05 59
1765235499383 1.0338342376987958e-05 60
1765235499422 0.00010540262895263272 61
1765235499457 8.306567047051365e-05 62
1765235499492 9.129582660064091e-05 63
1765235499526 2.3012891473662423e-05 64
1765235499567 3.9975200169955744e-07 65
1765235499611 1.2284659949808502e-05 66
1765235499650 7.949656603964594e-06 67
1765235499688 1.3668309988329588e-05 68
1765235499725 2.0674913591043642e-05 69
1765235499760 8.062290741263137e-06 70
1765235499800 1.170270070686745e-05 71
1765235499842 1.0628376430530434e-05 72
1765235499887 1.9421692789350367e-06 73
1765235499922 8.815481982809498e-06 74
1765235499969 4.8392114025584575e-05 75
1765235500011 2.3931212788873834e-07 76
1765235500057 0.0010259440578803264 77
1765235500098 0.00042402844641069233 78
1765235500132 3.553458119874032e-06 79
1765235500169 4.16276426013316e-06 80
1765235500205 0.00012659818878749514 81
1765235500252 9.186737094154509e-07 82
1765235500294 2.0875289590639252e-05 83
1765235500337 4.185718526136576e-07 84
1765235500374 1.617521771512335e-05 85
1765235500412 2.453825949437504e-06 86
1765235500446 3.2426022992441052e-06 87
1765235500486 4.3098761120164364e-06 88
1765235500547 4.3201754565382004e-07 89
1765235500610 1.5092635888393495e-06 90
1765235500670 2.7695791703806204e-07 91
1765235500731 2.0299936748471337e-05 92
1765235500800 0.02980625090918525 93
1765235500865 0.08827025777785703 94
1765235500909 2.57401506403812e-05 95
1765235500946 0.0022951383952940596 96
1765235500983 1.5263477093970124e-06 97
1765235501022 6.542923954880382e-07 98
1765235501056 7.858860058557892e-06 99
1765235501090 0.00017296221612559193 100
1765235501124 2.3359155166535583e-05 101
1765235501163 3.2625486809399803e-07 102
1765235501212 3.730017423352269e-06 103
1765235501253 0.0004259927233128682 104
1765235501289 8.738611020695808e-07 105
1765235501327 4.092008045023947e-06 106
1765235501372 8.873443381577787e-08 107
1765235501419 6.973077111082691e-07 108
1765235501453 2.3938556231379543e-05 109
1765235501488 4.929697520370418e-08 110
1765235501539 5.019334393732846e-08 111
1765235501580 6.838754296423806e-07 112
1765235501617 3.379060145609975e-07 113
1765235501659 0.00013430765346811313 114
1765235501693 1.481870228186172e-05 115
1765235501729 2.088393863122073e-07 116
1765235501794 3.395742573969003e-05 117
1765235501835 1.6607590246645775e-06 118
