1765235465949 0.44329000645600736 1
1765235465971 0.033797145741467124 2
1765235465994 0.07238456466273888 3
1765235466017 0.005990799817076961 4
1765235466038 0.00014666939199087277 5
1765235466061 0.00021878700470592878 6
1765235466085 1.0944368949658828e-05 7
1765235466109 8.157309277754065e-06 8
1765235466132 7.099705769812652e-06 9
1765235466152 5.84759560956285e-06 10
1765235466172 5.088878396222719e-06 11
1765235466194 4.663350529284785e-06 12
1765235466214 4.0281655404477964e-06 13
1765235466237 3.660826945791025e-06 14
1765235466258 3.5246294914872862e-06 15
1765235466282 2.9789599176538992e-06 16
1765235466308 2.7683846361713948e-06 17
1765235466341 2.5407795413933398e-06 18
1765235466370 2.3149609689705657e-06 19
1765235466395 2.1590352005132547e-06 20
1765235466419 1.991455387696492e-06 21
1765235466443 1.8095353050626672e-06 22
1765235466465 1.7754792173483604e-06 23
1765235466488 1.615063215636492e-06 24
1765235466508 1.5093121032014677e-06 25
1765235466536 1.4403042298877358e-06 26
1765235466564 1.3551640755391636e-06 27
1765235466591 1.285258829596428e-06 28
1765235466628 1.2467208706470785e-06 29
1765235466670 1.1696446480697914e-06 30
1765235466716 1.104219450846693e-06 31
1765235466758 1.0629920192594314e-06 32
1765235466797 1.0110094161485308e-06 33
1765235466840 9.60819571607464e-07 34
1765235466887 9.240729032893953e-07 35
1765235466930 8.83741336858628e-07 36
1765235466973 8.460984109828323e-07 37
1765235467001 8.138329928427158e-07 38
1765235467024 7.806710093142525e-07 39
1765235467047 7.501978508147508e-07 40
1765235467074 7.3137606572853e-07 41
1765235467097 6.955251216337424e-07 42
1765235467121 6.749107706255907e-07 43
1765235467145 6.471261485571665e-07 44
1765235467171 6.256155693212096e-07 45
1765235467197 6.112749290602886e-07 46
1765235467221 5.843865503921611e-07 47
1765235467250 5.664608790989678e-07 48
1765235467275 5.521203034279842e-07 49
1765235467298 5.306094758226154e-07 50
1765235467323 5.162689360527384e-07 51
1765235467344 5.019283039657301e-07 52
