1765279291941 1.0263318867611706 1
1765279291957 0.7937915746430705 2
1765279291972 0.55435320802201 3
1765279291985 0.3248175534986912 4
1765279292000 0.16692339385250457 5
1765279292017 0.10781299944658924 6
1765279292030 0.07311305674003031 7
1765279292043 0.04676900720013712 8
1765279292054 0.035976816732016276 9
1765279292068 0.027876227250308694 10
1765279292079 0.017302910891830697 11
1765279292092 0.01464132918395046 12
1765279292105 0.00993311979555826 13
1765279292119 0.0157856466108583 14
1765279292132 0.006662190426141024 15
1765279292146 0.003875067750783287 16
1765279292159 0.00928346689569911 17
1765279292174 0.0042520524212684395 18
1765279292188 0.003885959619060999 19
1765279292201 0.002779804586775993 20
1765279292212 0.003934159018869575 21
1765279292228 0.0035367593732907585 22
1765279292242 0.004388353885396531 23
1765279292256 0.0027352295554666675 24
1765279292274 0.003804620930441844 25
1765279292291 0.0019487387087560237 26
1765279292308 0.002255431103740672 27
1765279292322 0.0019491461746366625 28
1765279292336 0.0012167711176338809 29
1765279292350 0.0018709741919686583 30
1765279292367 0.002303793656449814 31
1765279292385 0.0016175444129350265 32
1765279292402 0.0011889669717914473 33
1765279292427 0.0024037525001640767 34
1765279292445 0.0008745422770940573 35
1765279292463 0.00062508662506987 36
1765279292484 0.000886995170184033 37
1765279292500 0.0008409748235069692 38
1765279292517 0.0012106425636553002 39
1765279292534 0.0017997397161659471 40
1765279292549 0.0009323924455920382 41
1765279292560 0.0010977673683056426 42
1765279292575 0.001205618752129866 43
1765279292589 0.0005122684975175705 44
1765279292603 0.0006042798767496544 45
1765279292618 0.0004485723407673217 46
1765279292635 0.0008296167814519425 47
1765279292652 0.00041494330897213035 48
1765279292669 0.0009440815186082505 49
1765279292687 0.00043100641696377747 50
