1765279304983 1.0902854715074812 1
1765279305016 1.0847303114439313 2
1765279305045 1.090004347320786 3
1765279305078 1.076204286482101 4
1765279305108 1.0856573133540333 5
1765279305141 1.0833210461121752 6
1765279305180 1.0831845093490486 7
1765279305215 1.0852590082283307 8
1765279305248 1.0809543670568251 9
1765279305286 1.069796703811875 10
1765279305323 1.072050544552337 11
1765279305367 1.064164948642702 12
1765279305400 1.0814361733601505 13
1765279305434 1.0637346031074237 14
1765279305466 1.0569278620239486 15
1765279305500 1.068646932903089 16
1765279305535 1.0657283964013695 17
1765279305567 1.044169673346039 18
1765279305608 1.0574901390792733 19
1765279305661 1.0419985764008715 20
1765279305723 1.0548808583639617 21
1765279305770 1.0485303428836334 22
1765279305820 1.0353148727488697 23
1765279305867 1.0232528887296979 24
1765279305910 1.0414761582711585 25
1765279305950 1.0241766773668446 26
1765279305984 1.0258768572843164 27
1765279306019 1.0036763069324923 28
1765279306053 1.0023011166350286 29
1765279306085 0.9884552686734307 30
1765279306119 0.993337467200774 31
1765279306151 0.9841865023275963 32
1765279306181 0.9852924414147112 33
1765279306213 0.9850438730160993 34
1765279306248 0.9655211276577828 35
1765279306280 0.9585387034523756 36
1765279306311 0.9670615967055013 37
1765279306342 0.9456616622164733 38
1765279306374 0.9462479227467587 39
1765279306402 0.9408624373880544 40
1765279306436 0.9368983525082581 41
1765279306475 0.9247224814909741 42
1765279306505 0.8963903583082041 43
1765279306537 0.9206156847172213 44
1765279306573 0.8882947613422135 45
1765279306605 0.8790143127728226 46
1765279306634 0.8986214471042604 47
1765279306667 0.9128020253396572 48
1765279306699 0.8501059471216417 49
1765279306731 0.8329824903853854 50
1765279306764 0.8659376950192272 51
1765279306794 0.8392424641695237 52
1765279306824 0.8104875105664247 53
1765279306859 0.805533046112921 54
1765279306893 0.8159133330323642 55
1765279306925 0.795861950494293 56
1765279306958 0.8083787806948325 57
1765279306992 0.7909082900312611 58
1765279307023 0.7505421867047933 59
1765279307055 0.758200762863446 60
1765279307083 0.7579205466392345 61
1765279307114 0.7398019742248649 62
1765279307147 0.7670531174294034 63
1765279307180 0.7609065502209771 64
1765279307211 0.7269522803170341 65
1765279307243 0.7230165094361269 66
1765279307272 0.7688768438826826 67
1765279307306 0.7156738925697212 68
1765279307345 0.7043098345735019 69
1765279307378 0.6972245210991767 70
1765279307410 0.6976286141495955 71
1765279307442 0.6812481579923988 72
1765279307479 0.6787840741917603 73
1765279307512 0.6925732842961648 74
1765279307544 0.7137955445096009 75
1765279307577 0.7018719974317049 76
1765279307611 0.677504713373973 77
1765279307647 0.6578014246503213 78
1765279307681 0.6748145558780297 79
1765279307726 0.6193868262427193 80
1765279307775 0.6362708367799458 81
1765279307823 0.6148729826274671 82
1765279307877 0.6363070293476707 83
1765279307914 0.6207118715558734 84
1765279307944 0.6684421318814271 85
1765279307977 0.6230694947386146 86
1765279308010 0.6151648535764307 87
1765279308044 0.6215515638652601 88
1765279308075 0.6219803614723951 89
1765279308107 0.5943205811475453 90
1765279308139 0.5891524454704801 91
1765279308173 0.5789129913301396 92
1765279308217 0.5866965976424683 93
1765279308261 0.5885339805058071 94
1765279308301 0.587526318946279 95
1765279308345 0.5836192118494135 96
1765279308377 0.5643750783196069 97
1765279308412 0.5700859566380206 98
1765279308450 0.5810457342549374 99
1765279308493 0.5504884096912872 100
1765279308539 0.5635696071431153 101
1765279308581 0.5514096250211385 102
1765279308625 0.5402417164996154 103
1765279308671 0.5182318535066188 104
1765279308716 0.5514484603602187 105
1765279308753 0.5656504496595913 106
1765279308785 0.5560547212012729 107
1765279308818 0.4983202102489041 108
1765279308867 0.547996769722243 109
1765279308914 0.5298780830282914 110
1765279308953 0.5484109095164708 111
1765279308989 0.5512625543694747 112
1765279309023 0.5033039060750402 113
1765279309063 0.5060686702118781 114
1765279309093 0.5382995417243556 115
1765279309126 0.5063368866318151 116
1765279309161 0.5170048726232428 117
1765279309196 0.5042757779583895 118
1765279309231 0.51940320913953 119
1765279309261 0.5280617847478479 120
1765279309292 0.49817918207412376 121
1765279309322 0.5278544269110027 122
1765279309352 0.4793171542031424 123
1765279309385 0.5017812827924141 124
1765279309418 0.47102532619820503 125
1765279309448 0.45888713159059225 126
1765279309488 0.4583676210919717 127
1765279309523 0.5025636921251627 128
1765279309553 0.4770808626610534 129
1765279309585 0.4491405186796547 130
1765279309613 0.485728400990479 131
1765279309643 0.4979369429717387 132
1765279309671 0.4684314104847442 133
1765279309708 0.42182883463407816 134
1765279309737 0.4882002558026995 135
1765279309771 0.4607327545159741 136
1765279309803 0.457764714732206 137
1765279309834 0.47682176496749534 138
1765279309863 0.4374662633229019 139
