1765279339578 1.0786052485157673 1
1765279339599 1.0421346031633534 2
1765279339619 1.0078295585804415 3
1765279339636 0.9816992202199492 4
1765279339661 0.9538458276512032 5
1765279339680 0.907520900543471 6
1765279339698 0.886092117854527 7
1765279339715 0.8455121606812441 8
1765279339733 0.8020008788969284 9
1765279339751 0.7636602323754389 10
1765279339770 0.7153309588145492 11
1765279339791 0.6728853041068056 12
1765279339811 0.6393392852374485 13
1765279339833 0.6002955069219259 14
1765279339860 0.5373517969497165 15
1765279339886 0.49678249690765724 16
1765279339907 0.45677086105920317 17
1765279339931 0.40399597193065445 18
1765279339951 0.37819434332668334 19
1765279339974 0.34048500253741903 20
1765279339999 0.3188247958520301 21
1765279340023 0.28907339106825064 22
1765279340047 0.23910233356002578 23
1765279340066 0.21710303941167386 24
1765279340090 0.20786218737301074 25
1765279340113 0.18647892862782442 26
1765279340134 0.16838878208309188 27
1765279340155 0.15570377463236787 28
1765279340176 0.12367484824998039 29
1765279340200 0.137884154691732 30
1765279340220 0.12876343934383608 31
1765279340240 0.12158508430746265 32
1765279340267 0.11977405571623852 33
1765279340299 0.09980670915902558 34
1765279340334 0.0986424624863872 35
1765279340365 0.09960076056028667 36
1765279340394 0.08705235866451622 37
1765279340425 0.086309571239285 38
1765279340455 0.09193510590191174 39
1765279340484 0.06808456355579813 40
1765279340513 0.06122053016845445 41
1765279340539 0.06753098798033438 42
1765279340568 0.056956761733705834 43
1765279340589 0.051429393876315954 44
1765279340607 0.05566482478402611 45
1765279340627 0.06506185787834955 46
1765279340646 0.05022863787423847 47
1765279340664 0.05469560225431184 48
1765279340684 0.0487222782987401 49
1765279340704 0.04253087234788371 50
1765279340733 0.0447500808010424 51
1765279340760 0.043838036855808775 52
1765279340781 0.034411420537985134 53
1765279340801 0.05171889512400542 54
1765279340819 0.03568765389403902 55
1765279340838 0.03071398517691103 56
1765279340857 0.03679924956837991 57
1765279340874 0.032627452472995096 58
1765279340892 0.029595159505374898 59
1765279340910 0.036835939070223866 60
1765279340930 0.03667812888279445 61
1765279340949 0.02753682989150958 62
1765279340968 0.033333853618907075 63
1765279340985 0.025631068400422435 64
1765279341001 0.0317677626932474 65
1765279341019 0.030112172613494602 66
1765279341037 0.036550381304906274 67
1765279341058 0.0282113286911657 68
1765279341078 0.03131598008873599 69
1765279341097 0.02574629969614789 70
1765279341114 0.021012626756402784 71
1765279341135 0.025648736786202324 72
1765279341155 0.021728396037579478 73
1765279341174 0.022892137142108346 74
1765279341198 0.02314845853506174 75
1765279341219 0.01843022576120115 76
1765279341238 0.023983074324135493 77
1765279341260 0.019935539118329387 78
1765279341284 0.018308968586090924 79
1765279341305 0.01898105754832128 80
1765279341324 0.01562540342022938 81
1765279341344 0.016213079417278443 82
1765279341366 0.016355589454069286 83
1765279341388 0.01611877116549732 84
1765279341411 0.01791861510478464 85
1765279341431 0.015679151499013704 86
1765279341452 0.022233976944020593 87
1765279341474 0.015077232302663694 88
1765279341497 0.016803719389560472 89
1765279341516 0.012304663896224553 90
1765279341536 0.011630887883414227 91
1765279341554 0.011459481699350184 92
1765279341577 0.00976402167566961 93
1765279341596 0.013903805042688799 94
1765279341615 0.009109334347951682 95
1765279341633 0.01166426659302604 96
1765279341651 0.011810138625533958 97
1765279341667 0.008746947207369078 98
1765279341687 0.009941204205939644 99
1765279341704 0.0073683940336332285 100
1765279341721 0.009156850292443655 101
1765279341740 0.01047946169580284 102
1765279341758 0.01336123783113365 103
1765279341775 0.009342783319770842 104
1765279341793 0.011039943063169494 105
1765279341811 0.009035701098452722 106
1765279341830 0.008865391667512126 107
1765279341848 0.011122398296392109 108
1765279341866 0.012131964175128624 109
1765279341887 0.01111579600973685 110
1765279341904 0.008183143780867857 111
1765279341923 0.007513002660545639 112
1765279341939 0.006643564622373061 113
1765279341958 0.008261546408547494 114
1765279341975 0.00664369845797861 115
1765279341993 0.007595825878224035 116
1765279342012 0.007697594485112599 117
1765279342030 0.008124140873761442 118
1765279342048 0.009815818561885254 119
1765279342066 0.008691940605430338 120
1765279342085 0.005559072077678712 121
1765279342104 0.006054808442127239 122
1765279342123 0.008602136420436148 123
1765279342141 0.003996009467505759 124
1765279342159 0.004771264781125058 125
1765279342177 0.007894360393817936 126
1765279342195 0.0038410302328604055 127
1765279342215 0.005420316521890629 128
1765279342234 0.008827252775654756 129
1765279342252 0.004113415053947584 130
