1765803336854 1.1532597326694574 1
1765803336888 1.1314795017242432 2
1765803336919 1.0778299686603976 3
1765803336957 1.0409135849852311 4
1765803336997 1.0010397066747336 5
1765803337031 0.9545681028437794 6
1765803337060 0.9309429230546593 7
1765803337089 0.8810477427073887 8
1765803337123 0.8360131983470199 9
1765803337156 0.807255787060673 10
1765803337186 0.7565286110218307 11
1765803337217 0.7321215491545828 12
1765803337266 0.6692866705414048 13
1765803337310 0.6309946865067446 14
1765803337350 0.5767513997572705 15
1765803337395 0.5217470212986595 16
1765803337444 0.5113685780898073 17
1765803337487 0.48049663556249517 18
1765803337533 0.4246558482037451 19
1765803337576 0.41392089773837787 20
1765803337616 0.38377288656127184 21
1765803337654 0.3455428375785512 22
1765803337695 0.3324914776292959 23
1765803337735 0.3044439733476567 24
1765803337774 0.26926973394881515 25
1765803337809 0.25555618230561566 26
1765803337859 0.24125051834529504 27
1765803337900 0.2212391928174442 28
1765803337936 0.20075805877384387 29
1765803337969 0.20475458516214126 30
1765803338006 0.16288105291979654 31
1765803338043 0.1797211016703369 32
1765803338081 0.16457407747892508 33
1765803338118 0.13967929570410484 34
1765803338149 0.1483729341088381 35
1765803338181 0.13860638635723213 36
1765803338214 0.13807511887043938 37
1765803338246 0.12094034260152874 38
1765803338276 0.12158477676094026 39
1765803338309 0.11773133132242619 40
1765803338340 0.1177523625748498 41
1765803338372 0.10800803419118538 42
1765803338402 0.09143521435054622 43
1765803338435 0.09893909976222462 44
1765803338465 0.08252132353477908 45
1765803338495 0.07341610883971803 46
1765803338524 0.07671244764574488 47
1765803338557 0.08925775074421015 48
1765803338589 0.1044770320107166 49
1765803338621 0.07512888317941722 50
1765803338652 0.07588920907530569 51
1765803338684 0.0710443287975806 52
1765803338715 0.06758406030056172 53
1765803338745 0.06459316006630547 54
1765803338776 0.07521272517908785 55
1765803338807 0.05799063177485215 56
1765803338839 0.06731695401713364 57
1765803338870 0.053260993786660354 58
1765803338902 0.05458192390046621 59
1765803338932 0.05500198182250772 60
1765803338965 0.05797065959725165 61
1765803338996 0.049698339313044584 62
1765803339027 0.054309469178543054 63
1765803339058 0.037657277882659344 64
1765803339090 0.033178296024189854 65
1765803339120 0.04525844720577387 66
1765803339150 0.05168098762379329 67
1765803339179 0.04723028566940386 68
1765803339211 0.04814375925781135 69
1765803339242 0.04179377377705466 70
1765803339273 0.03419385678169871 71
1765803339305 0.03651296159714684 72
1765803339336 0.03982757065529214 73
1765803339367 0.033358620395673846 74
1765803339399 0.033503233055983274 75
1765803339431 0.041949358663724776 76
1765803339466 0.02978116800462393 77
1765803339498 0.03221161160057873 78
1765803339530 0.029368988931515162 79
1765803339560 0.03454942566419678 80
1765803339589 0.04121523246841323 81
1765803339621 0.032650313599217204 82
1765803339651 0.026681179509855303 83
1765803339682 0.03655541038378737 84
1765803339714 0.0239588742081384 85
1765803339743 0.03040569174782674 86
1765803339774 0.032401193213418014 87
1765803339810 0.023830550148578964 88
1765803339861 0.025131998093504655 89
1765803339896 0.025328623109910273 90
1765803339928 0.035263386078851114 91
1765803339956 0.020378195281539644 92
1765803339983 0.025265121776470563 93
1765803340016 0.02044684761308862 94
1765803340054 0.022510597034168422 95
1765803340088 0.023342478411146124 96
1765803340126 0.01947892151941034 97
1765803340166 0.01810701164816107 98
1765803340207 0.017820826136416064 99
1765803340248 0.01569329001205532 100
1765803340284 0.020354428062043888 101
1765803340325 0.023561674037149975 102
1765803340356 0.015463038634760935 103
1765803340385 0.02145526974104849 104
1765803340414 0.01502036320087605 105
1765803340445 0.01282450061683592 106
1765803340475 0.018354236059016864 107
1765803340507 0.016331799580414492 108
1765803340538 0.019032296623082312 109
1765803340570 0.012574415625934313 110
1765803340600 0.0196871094552702 111
1765803340629 0.017595413175964712 112
1765803340659 0.027220519501155706 113
1765803340690 0.022884778167240154 114
1765803340720 0.012397506978026683 115
