1765803318865 1.1123613352166082 1
1765803318875 1.0837515632909043 2
1765803318886 1.0567516213969181 3
1765803318895 1.03100884229617 4
1765803318906 1.0061683112517334 5
1765803318916 0.9828586439441022 6
1765803318925 0.9593699525173446 7
1765803318936 0.9363780837309988 8
1765803318946 0.9135447592663586 9
1765803318956 0.8901282929836359 10
1765803318966 0.8671320201759052 11
1765803318975 0.8430904938762349 12
1765803318985 0.8196663291830766 13
1765803318995 0.7959675004607752 14
1765803319005 0.7727347787161519 15
1765803319014 0.7497843002018175 16
1765803319024 0.7260315427206513 17
1765803319037 0.7026938464408531 18
1765803319047 0.6793154388442075 19
1765803319057 0.6563589380199748 20
1765803319068 0.633395945219169 21
1765803319077 0.6109487566732823 22
1765803319086 0.5879935133726077 23
1765803319095 0.5656709487276866 24
1765803319105 0.5435011857434323 25
1765803319115 0.5220267938491994 26
1765803319126 0.5004270094677918 27
1765803319136 0.4805099663877846 28
1765803319146 0.4599485433191285 29
1765803319156 0.44066375426780013 30
1765803319168 0.42152573425966994 31
1765803319182 0.4036316472784917 32
1765803319196 0.3861862878154095 33
1765803319209 0.3694038482985102 34
1765803319223 0.3533336179597037 35
1765803319237 0.3378804170323494 36
1765803319251 0.3235946671855181 37
1765803319264 0.3096501090024647 38
1765803319275 0.29683920113663925 39
1765803319288 0.2845591927381386 40
1765803319301 0.273109420013607 41
1765803319315 0.26208295028908807 42
1765803319330 0.25184193724080134 43
1765803319347 0.24185182120566978 44
1765803319362 0.23264542479712264 45
1765803319375 0.2237744026054117 46
1765803319389 0.21571461128112965 47
1765803319403 0.20772864966464222 48
1765803319416 0.20040099490854077 49
1765803319428 0.19297617550631216 50
1765803319440 0.18619184072752645 51
1765803319452 0.1795316049479004 52
1765803319462 0.1736642241029811 53
1765803319474 0.16788656684689054 54
1765803319486 0.16228960353629032 55
1765803319496 0.15735606905212976 56
1765803319508 0.15221452847459263 57
1765803319519 0.14791589717667802 58
1765803319531 0.14349770540357532 59
1765803319542 0.13938667171431662 60
1765803319553 0.13539117983633414 61
1765803319567 0.13154290728551105 62
1765803319585 0.12802021423900933 63
1765803319598 0.12452927679943859 64
1765803319610 0.12116184987519917 65
1765803319620 0.11787667290720724 66
1765803319632 0.1147919413738681 67
1765803319644 0.11178164385763326 68
1765803319658 0.10896922692768556 69
1765803319671 0.10621077976280585 70
1765803319686 0.10347820577540792 71
1765803319700 0.10100977268434108 72
1765803319716 0.09864419373802673 73
