1765233798657 0.6306273621275909 1
1765233798668 0.0876111493382911 2
1765233798680 0.02670318585220038 3
1765233798693 0.009853737134682504 4
1765233798705 0.005544112601380487 5
1765233798718 0.0036458301478716777 6
1765233798730 0.002483122006997018 7
1765233798744 0.0019750328562957676 8
1765233798756 0.0016864014315047771 9
1765233798767 0.0014486470175696944 10
1765233798778 0.0012652784775455895 11
1765233798789 0.001140125905937354 12
1765233798799 0.0010155951655671154 13
1765233798811 0.0009472744090349547 14
1765233798824 0.0008852308374458462 15
1765233798836 0.0008220089791181561 16
1765233798847 0.0007339960950622825 17
1765233798858 0.0006722532658263537 18
1765233798875 0.0006099786230623792 19
1765233798887 0.0005772485156172424 20
1765233798900 0.0005402846180182213 21
1765233798911 0.0005163069126455296 22
1765233798925 0.00047787999462063207 23
1765233798937 0.00043749136419588686 24
1765233798951 0.0004115835570947344 25
1765233798966 0.0003883672941168 26
1765233798981 0.00036589074919273363 27
1765233798995 0.0003466448402846288 28
1765233799010 0.00032813288722755355 29
1765233799027 0.0003113313606516563 30
1765233799042 0.00029569336487226855 31
1765233799060 0.0002826432935119768 32
1765233799077 0.00026948344269552953 33
1765233799092 0.0002563529423736484 34
1765233799106 0.00024724866089766015 35
1765233799121 0.00023596573693684784 36
1765233799135 0.000224639635231361 37
1765233799151 0.00021687530058163 38
1765233799166 0.00020779008387160816 39
1765233799186 0.0001997013640350685 40
1765233799199 0.00019296920908161148 41
1765233799213 0.000183318394999531 42
1765233799228 0.00017779476720055468 43
1765233799245 0.00017101580366366229 44
1765233799258 0.00016494916797496546 45
1765233799272 0.00015973162056556097 46
1765233799284 0.00015357817285536628 47
1765233799297 0.000147994118939588 48
1765233799312 0.00014359981013738543 49
1765233799326 0.0001376929020691187 50
1765233799342 0.00013381556619380608 51
1765233799354 0.00013003338255684934 52
1765233799366 0.000125963282363572 53
1765233799378 0.00012188203823354045 54
