1765803332649 1.0734010558379323 1
1765803332685 0.983783281387243 2
1765803332719 0.8886499512464481 3
1765803332751 0.8193892240524292 4
1765803332786 0.7149518203914613 5
1765803332828 0.6426759160550913 6
1765803332867 0.5495417109109405 7
1765803332912 0.47209271183587553 8
1765803332948 0.387008871126892 9
1765803332977 0.34097915753386077 10
1765803333007 0.27946295460363973 11
1765803333036 0.24120063418732549 12
1765803333069 0.21601302552043944 13
1765803333103 0.17041523485703575 14
1765803333135 0.14157585513995105 15
1765803333170 0.1439314212902148 16
1765803333211 0.11873040577970949 17
1765803333257 0.11920500966839324 18
1765803333306 0.09432602144385639 19
1765803333359 0.08887983270381626 20
1765803333421 0.06602485899470355 21
1765803333472 0.06979171584423323 22
1765803333521 0.07294948987270657 23
1765803333556 0.04745250622412764 24
1765803333601 0.0582671303834234 25
1765803333642 0.05100881067433752 26
1765803333675 0.05134433157798043 27
1765803333706 0.04635586197438993 28
1765803333744 0.04055648302323276 29
1765803333777 0.03486645737088712 30
1765803333808 0.04155696927100644 31
1765803333840 0.050443620736101515 32
1765803333874 0.02964984528244214 33
1765803333910 0.0335070752692794 34
1765803333941 0.03090409678582074 35
1765803333973 0.031781443933907305 36
1765803334003 0.023404510905335945 37
1765803334036 0.018779739107292397 38
1765803334065 0.02179986927518271 39
1765803334093 0.024948211241499485 40
1765803334121 0.01732485776476534 41
1765803334149 0.017587430365523675 42
1765803334181 0.017361785348196674 43
1765803334212 0.018150244324811195 44
1765803334245 0.015634766275665367 45
1765803334276 0.014600283322292134 46
1765803334307 0.01933753098837359 47
1765803334339 0.020769521461001465 48
1765803334370 0.017379590821333397 49
1765803334401 0.012798049588708725 50
1765803334432 0.01418352087511492 51
1765803334462 0.012627442682484039 52
1765803334494 0.010679223619776084 53
1765803334526 0.013662029532811962 54
1765803334557 0.011675377369375158 55
1765803334587 0.011845917223875685 56
1765803334621 0.009586118732375982 57
1765803334649 0.0161498713398333 58
1765803334681 0.008562936426553511 59
1765803334712 0.010333823134660497 60
1765803334743 0.016371490449567597 61
1765803334774 0.01031907781069272 62
1765803334805 0.00968514259771577 63
1765803334837 0.008854518784560207 64
1765803334868 0.008364189972862937 65
1765803334899 0.008658289299276482 66
1765803334929 0.010362450604123953 67
1765803334960 0.00948146872985688 68
1765803334991 0.00885769899206278 69
1765803335024 0.012645770513795708 70
1765803335054 0.0068767116636149865 71
1765803335086 0.006149530563069354 72
1765803335118 0.00968868550459357 73
1765803335150 0.0064390432890469584 74
1765803335182 0.004838204174127458 75
1765803335213 0.008033968352439596 76
1765803335242 0.02121921356669382 77
1765803335271 0.005409002534719534 78
1765803335301 0.016248143147642172 79
1765803335332 0.005983127600336587 80
1765803335362 0.004879020779442631 81
1765803335393 0.00533826786786654 82
1765803335428 0.00728927891967552 83
1765803335458 0.004294293759306683 84
1765803335488 0.004259040169557906 85
1765803335522 0.004276360852531809 86
1765803335555 0.004407390497390293 87
1765803335586 0.0037568622807923114 88
1765803335617 0.003105700915833389 89
1765803335657 0.0030711512580247863 90
1765803335696 0.004797194118824213 91
1765803335729 0.006313007315743323 92
1765803335771 0.005468120484672403 93
1765803335807 0.003054198044281334 94
1765803335836 0.004773651545559217 95
1765803335869 0.0062909056625111886 96
1765803335898 0.007660213265527754 97
1765803335929 0.002253608118140496 98
1765803335961 0.004292163206614498 99
1765803335993 0.0022760285480347064 100
1765803336045 0.0016771752432937763 101
1765803336090 0.0020358660923583166 102
1765803336130 0.0034110936602311476 103
1765803336168 0.0023323309194660724 104
1765803336209 0.0038482344926411946 105
1765803336248 0.003052566448205564 106
1765803336281 0.0030457469377810262 107
1765803336311 0.0027639295494873636 108
1765803336342 0.002183137332873517 109
1765803336374 0.005756569496720077 110
1765803336406 0.0029173151798252213 111
1765803336439 0.0014416046580212204 112
