1765233824273 1.061629203029145 1
1765233824289 1.0524536658050423 2
1765233824308 1.0308680220654136 3
1765233824326 0.9969520246175895 4
1765233824341 0.9656815788799659 5
1765233824357 0.9552241079789355 6
1765233824375 0.9256268793478944 7
1765233824393 0.9008741190558985 8
1765233824415 0.8580271785420582 9
1765233824435 0.8359948468387575 10
1765233824457 0.8101325214357304 11
1765233824476 0.7564654027609 12
1765233824493 0.7376015190791366 13
1765233824512 0.697266389552812 14
1765233824531 0.6871170894543928 15
1765233824548 0.6302875441716129 16
1765233824565 0.5926011406389394 17
1765233824588 0.5800031280159054 18
1765233824609 0.5104315731310307 19
1765233824629 0.4825058902116646 20
1765233824647 0.45486615833483246 21
1765233824665 0.43721077451132295 22
1765233824681 0.4038354617760594 23
1765233824697 0.35892072656100854 24
1765233824714 0.342441261262822 25
1765233824732 0.3098740842109336 26
1765233824748 0.2834925047661129 27
1765233824763 0.27482373956450845 28
1765233824780 0.24572853161428207 29
1765233824795 0.23880737969525775 30
1765233824809 0.22295088998805312 31
1765233824825 0.23698904034786655 32
1765233824842 0.16585200868154826 33
1765233824860 0.1741180101171472 34
1765233824883 0.18681601765460537 35
1765233824914 0.149777821972406 36
1765233824942 0.1617039799466169 37
1765233824964 0.15854778208006592 38
1765233824986 0.15458333918026515 39
1765233825010 0.12950562604499938 40
1765233825030 0.13700185548093982 41
1765233825052 0.12958090970838876 42
1765233825076 0.11877871422391188 43
1765233825099 0.12608024332308232 44
1765233825116 0.09859525938903478 45
1765233825134 0.09879836987676029 46
1765233825153 0.09140826251945998 47
1765233825173 0.09234793775511864 48
1765233825192 0.07904664118935291 49
1765233825206 0.10231822561052509 50
1765233825220 0.10757753801973242 51
1765233825235 0.0940047759086566 52
1765233825250 0.09464685361188158 53
1765233825268 0.07607381521983254 54
1765233825287 0.06851771227399209 55
1765233825302 0.08765047609357905 56
1765233825317 0.07245211028739025 57
1765233825334 0.0629490219280684 58
1765233825351 0.0735488255557261 59
1765233825369 0.054323594709088034 60
1765233825387 0.08090216845722127 61
1765233825402 0.06818535498210362 62
1765233825419 0.06874020878029496 63
1765233825435 0.05871458651315897 64
1765233825452 0.0658998906724435 65
1765233825467 0.05438356781448413 66
1765233825482 0.045381963921752866 67
1765233825497 0.05808031930119023 68
1765233825513 0.056501958267133036 69
1765233825529 0.042362960391586886 70
1765233825545 0.043000096217133944 71
1765233825559 0.040655442422493956 72
1765233825575 0.051867580167332984 73
1765233825592 0.04971355115784738 74
1765233825606 0.04627044375677754 75
1765233825620 0.04822802369979987 76
1765233825634 0.05501502766308928 77
1765233825654 0.039249393262697344 78
1765233825671 0.04053676576542675 79
1765233825686 0.039488137307527815 80
1765233825703 0.03443827357185178 81
1765233825716 0.03950821003295425 82
1765233825730 0.060390189934269825 83
1765233825744 0.046451483741122526 84
1765233825758 0.03175663780000873 85
1765233825773 0.033307593995075026 86
1765233825787 0.040599982317228965 87
1765233825802 0.02522059997781775 88
1765233825816 0.02398927182071191 89
1765233825830 0.03850671556547172 90
1765233825845 0.029127358367904685 91
1765233825861 0.02851541043448269 92
1765233825877 0.03877606812892552 93
1765233825894 0.01986193835308173 94
1765233825912 0.03841686472856909 95
1765233825927 0.028025246974556967 96
1765233825943 0.023455334589221423 97
1765233825957 0.025908110064587424 98
