1765803305494 0.44329000645600736 1
1765803305524 0.033797145741467124 2
1765803305560 0.07238456466273888 3
1765803305603 0.005990799817076961 4
1765803305637 0.00014666939199087277 5
1765803305664 0.00021878700470592878 6
1765803305692 1.0944368949658828e-05 7
1765803305724 8.157309277754065e-06 8
1765803305754 7.099705769812652e-06 9
1765803305792 5.84759560956285e-06 10
1765803305833 5.088878396222719e-06 11
1765803305890 4.663350529284785e-06 12
1765803305933 4.0281655404477964e-06 13
1765803305973 3.660826945791025e-06 14
1765803306014 3.5246294914872862e-06 15
1765803306053 2.9789599176538992e-06 16
1765803306097 2.7683846361713948e-06 17
1765803306143 2.5407795413933398e-06 18
1765803306185 2.3149609689705657e-06 19
1765803306211 2.1590352005132547e-06 20
1765803306237 1.991455387696492e-06 21
1765803306264 1.8095353050626672e-06 22
1765803306294 1.7754792173483604e-06 23
1765803306320 1.615063215636492e-06 24
1765803306347 1.5093121032014677e-06 25
1765803306374 1.4403042298877358e-06 26
1765803306414 1.3551640755391636e-06 27
1765803306442 1.285258829596428e-06 28
1765803306470 1.2467208706470785e-06 29
1765803306501 1.1696446480697914e-06 30
1765803306534 1.104219450846693e-06 31
1765803306562 1.0629920192594314e-06 32
1765803306591 1.0110094161485308e-06 33
1765803306620 9.60819571607464e-07 34
1765803306652 9.240729032893953e-07 35
1765803306684 8.83741336858628e-07 36
1765803306709 8.460984109828323e-07 37
1765803306732 8.138329928427158e-07 38
1765803306756 7.806710093142525e-07 39
1765803306781 7.501978508147508e-07 40
1765803306807 7.3137606572853e-07 41
1765803306832 6.955251216337424e-07 42
1765803306859 6.749107706255907e-07 43
1765803306884 6.471261485571665e-07 44
1765803306911 6.256155693212096e-07 45
1765803306935 6.112749290602886e-07 46
1765803306960 5.843865503921611e-07 47
1765803306984 5.664608790989678e-07 48
1765803307010 5.521203034279842e-07 49
1765803307034 5.306094758226154e-07 50
1765803307060 5.162689360527384e-07 51
1765803307087 5.019283039657301e-07 52
