1765803321326 0.49700826473702164 1
1765803321353 0.0863702025814192 2
1765803321375 0.03464655765320027 3
1765803321401 0.032302735205319594 4
1765803321426 0.026007807099337418 5
1765803321451 0.028265658874568857 6
1765803321473 0.021560509447568564 7
1765803321503 0.007829895718447702 8
1765803321527 0.004900897177780061 9
1765803321560 0.008526287778828615 10
1765803321591 0.0151133015555169 11
1765803321618 0.0031907895432883187 12
1765803321646 0.00796789663259108 13
1765803321677 0.0021471197975543852 14
1765803321706 0.023440469672800134 15
1765803321736 0.0077661577171993556 16
1765803321759 0.00510472719548502 17
1765803321786 0.0008385025400929223 18
1765803321810 0.004358408662580716 19
1765803321835 0.0015949854298930876 20
1765803321864 0.005212631502245199 21
1765803321893 0.0019110234520086035 22
1765803321922 0.0003727767981402401 23
1765803321953 0.0008745729049641019 24
1765803321996 0.0006753612209909729 25
1765803322034 0.0004459380509622423 26
1765803322071 0.0013667928884880305 27
1765803322106 0.004131537393451917 28
1765803322144 0.001441137682209764 29
1765803322181 0.0007404845990888298 30
1765803322217 0.0010639532770381837 31
1765803322251 0.0003195350051866722 32
1765803322281 0.00030346404357834745 33
1765803322305 0.0003564819357140693 34
1765803322327 0.0010043155925967924 35
1765803322354 0.0010495306745915993 36
1765803322378 0.0013649808925927068 37
1765803322402 0.0004851074988968855 38
1765803322424 0.0004584248889520146 39
1765803322447 0.0001539063847645325 40
1765803322472 0.0003824182107092354 41
1765803322498 0.0006892962418143205 42
1765803322521 0.00038109473699731274 43
1765803322555 0.0009206575084949451 44
