1765803349940 1.061629203029145 1
1765803349969 1.0524536658050423 2
1765803349994 1.0308680220654136 3
1765803350021 0.9969520246175895 4
1765803350044 0.9656815788799659 5
1765803350066 0.9552241079789355 6
1765803350088 0.9256268793478944 7
1765803350112 0.9008741190558985 8
1765803350132 0.8580271785420582 9
1765803350154 0.8359948468387575 10
1765803350175 0.8101325214357304 11
1765803350198 0.7564654027609 12
1765803350218 0.7376015190791366 13
1765803350241 0.697266389552812 14
1765803350262 0.6871170894543928 15
1765803350283 0.6302875441716129 16
1765803350306 0.5926011406389394 17
1765803350327 0.5800031280159054 18
1765803350351 0.5104315731310307 19
1765803350371 0.4825058902116646 20
1765803350392 0.45486615833483246 21
1765803350412 0.43721077451132295 22
1765803350432 0.4038354617760594 23
1765803350454 0.35892072656100854 24
1765803350485 0.342441261262822 25
1765803350513 0.3098740842109336 26
1765803350539 0.2834925047661129 27
1765803350571 0.27482373956450845 28
1765803350602 0.24572853161428207 29
1765803350629 0.23880737969525775 30
1765803350656 0.22295088998805312 31
1765803350686 0.23698904034786655 32
1765803350714 0.16585200868154826 33
1765803350733 0.1741180101171472 34
1765803350750 0.18681601765460537 35
1765803350768 0.149777821972406 36
1765803350784 0.1617039799466169 37
1765803350802 0.15854778208006592 38
1765803350819 0.15458333918026515 39
1765803350837 0.12950562604499938 40
1765803350860 0.13700185548093982 41
1765803350880 0.12958090970838876 42
1765803350899 0.11877871422391188 43
1765803350918 0.12608024332308232 44
1765803350936 0.09859525938903478 45
1765803350957 0.09879836987676029 46
1765803350983 0.09140826251945998 47
1765803351004 0.09234793775511864 48
1765803351025 0.07904664118935291 49
1765803351042 0.10231822561052509 50
1765803351059 0.10757753801973242 51
1765803351076 0.0940047759086566 52
1765803351097 0.09464685361188158 53
1765803351118 0.07607381521983254 54
1765803351139 0.06851771227399209 55
1765803351159 0.08765047609357905 56
1765803351182 0.07245211028739025 57
1765803351200 0.0629490219280684 58
1765803351217 0.0735488255557261 59
1765803351233 0.054323594709088034 60
1765803351249 0.08090216845722127 61
1765803351266 0.06818535498210362 62
1765803351286 0.06874020878029496 63
1765803351305 0.05871458651315897 64
1765803351324 0.0658998906724435 65
1765803351341 0.05438356781448413 66
1765803351358 0.045381963921752866 67
1765803351377 0.05808031930119023 68
1765803351395 0.056501958267133036 69
1765803351413 0.042362960391586886 70
1765803351432 0.043000096217133944 71
1765803351451 0.040655442422493956 72
1765803351471 0.051867580167332984 73
1765803351490 0.04971355115784738 74
1765803351509 0.04627044375677754 75
1765803351531 0.04822802369979987 76
1765803351550 0.05501502766308928 77
1765803351567 0.039249393262697344 78
1765803351585 0.04053676576542675 79
1765803351602 0.039488137307527815 80
1765803351621 0.03443827357185178 81
1765803351637 0.03950821003295425 82
1765803351656 0.060390189934269825 83
1765803351675 0.046451483741122526 84
1765803351692 0.03175663780000873 85
1765803351710 0.033307593995075026 86
1765803351726 0.040599982317228965 87
1765803351744 0.02522059997781775 88
1765803351763 0.02398927182071191 89
1765803351781 0.03850671556547172 90
1765803351798 0.029127358367904685 91
1765803351817 0.02851541043448269 92
1765803351836 0.03877606812892552 93
1765803351854 0.01986193835308173 94
1765803351872 0.03841686472856909 95
1765803351890 0.028025246974556967 96
1765803351908 0.023455334589221423 97
1765803351927 0.025908110064587424 98
