1765803322942 1.0902854715074812 1
1765803322975 1.0847303114439313 2
1765803323009 1.090004347320786 3
1765803323042 1.076204286482101 4
1765803323072 1.0856573133540333 5
1765803323101 1.0833210461121752 6
1765803323133 1.0831845093490486 7
1765803323162 1.0852590082283307 8
1765803323193 1.0809543670568251 9
1765803323225 1.069796703811875 10
1765803323256 1.072050544552337 11
1765803323288 1.064164948642702 12
1765803323319 1.0814361733601505 13
1765803323354 1.0637346031074237 14
1765803323391 1.0569278620239486 15
1765803323429 1.068646932903089 16
1765803323470 1.0657283964013695 17
1765803323508 1.044169673346039 18
1765803323551 1.0574901390792733 19
1765803323588 1.0419985764008715 20
1765803323631 1.0548808583639617 21
1765803323669 1.0485303428836334 22
1765803323706 1.0353148727488697 23
1765803323741 1.0232528887296979 24
1765803323773 1.0414761582711585 25
1765803323805 1.0241766773668446 26
1765803323837 1.0258768572843164 27
1765803323875 1.0036763069324923 28
1765803323909 1.0023011166350286 29
1765803323941 0.9884552686734307 30
1765803323973 0.993337467200774 31
1765803324009 0.9841865023275963 32
1765803324040 0.9852924414147112 33
1765803324072 0.9850438730160993 34
1765803324102 0.9655211276577828 35
1765803324133 0.9585387034523756 36
1765803324165 0.9670615967055013 37
1765803324198 0.9456616622164733 38
1765803324233 0.9462479227467587 39
1765803324261 0.9408624373880544 40
1765803324295 0.9368983525082581 41
1765803324326 0.9247224814909741 42
1765803324354 0.8963903583082041 43
1765803324385 0.9206156847172213 44
1765803324417 0.8882947613422135 45
1765803324446 0.8790143127728226 46
1765803324485 0.8986214471042604 47
1765803324527 0.9128020253396572 48
1765803324572 0.8501059471216417 49
1765803324620 0.8329824903853854 50
1765803324656 0.8659376950192272 51
1765803324691 0.8392424641695237 52
1765803324724 0.8104875105664247 53
1765803324764 0.805533046112921 54
1765803324798 0.8159133330323642 55
1765803324831 0.795861950494293 56
1765803324869 0.8083787806948325 57
1765803324920 0.7909082900312611 58
1765803324963 0.7505421867047933 59
1765803325004 0.758200762863446 60
1765803325047 0.7579205466392345 61
1765803325089 0.7398019742248649 62
1765803325127 0.7670531174294034 63
1765803325160 0.7609065502209771 64
1765803325193 0.7269522803170341 65
1765803325223 0.7230165094361269 66
1765803325251 0.7688768438826826 67
1765803325281 0.7156738925697212 68
1765803325312 0.7043098345735019 69
1765803325342 0.6972245210991767 70
1765803325370 0.6976286141495955 71
1765803325399 0.6812481579923988 72
1765803325431 0.6787840741917603 73
1765803325459 0.6925732842961648 74
1765803325489 0.7137955445096009 75
1765803325520 0.7018719974317049 76
1765803325550 0.677504713373973 77
1765803325583 0.6578014246503213 78
1765803325613 0.6748145558780297 79
1765803325646 0.6193868262427193 80
1765803325678 0.6362708367799458 81
1765803325710 0.6148729826274671 82
1765803325742 0.6363070293476707 83
1765803325772 0.6207118715558734 84
1765803325804 0.6684421318814271 85
1765803325835 0.6230694947386146 86
1765803325864 0.6151648535764307 87
1765803325896 0.6215515638652601 88
1765803325927 0.6219803614723951 89
1765803325959 0.5943205811475453 90
1765803325991 0.5891524454704801 91
1765803326023 0.5789129913301396 92
1765803326055 0.5866965976424683 93
1765803326086 0.5885339805058071 94
1765803326117 0.587526318946279 95
1765803326147 0.5836192118494135 96
1765803326178 0.5643750783196069 97
1765803326210 0.5700859566380206 98
1765803326238 0.5810457342549374 99
1765803326269 0.5504884096912872 100
1765803326301 0.5635696071431153 101
1765803326332 0.5514096250211385 102
1765803326363 0.5402417164996154 103
1765803326393 0.5182318535066188 104
1765803326424 0.5514484603602187 105
1765803326455 0.5656504496595913 106
1765803326487 0.5560547212012729 107
1765803326518 0.4983202102489041 108
1765803326555 0.547996769722243 109
1765803326590 0.5298780830282914 110
1765803326627 0.5484109095164708 111
1765803326659 0.5512625543694747 112
1765803326690 0.5033039060750402 113
1765803326722 0.5060686702118781 114
1765803326755 0.5382995417243556 115
1765803326792 0.5063368866318151 116
1765803326830 0.5170048726232428 117
1765803326863 0.5042757779583895 118
1765803326901 0.51940320913953 119
1765803326948 0.5280617847478479 120
1765803326987 0.49817918207412376 121
1765803327023 0.5278544269110027 122
1765803327056 0.4793171542031424 123
1765803327091 0.5017812827924141 124
1765803327128 0.47102532619820503 125
1765803327162 0.45888713159059225 126
1765803327196 0.4583676210919717 127
1765803327227 0.5025636921251627 128
1765803327260 0.4770808626610534 129
1765803327291 0.4491405186796547 130
1765803327323 0.485728400990479 131
1765803327354 0.4979369429717387 132
1765803327385 0.4684314104847442 133
1765803327416 0.42182883463407816 134
1765803327445 0.4882002558026995 135
1765803327479 0.4607327545159741 136
1765803327510 0.457764714732206 137
1765803327543 0.47682176496749534 138
1765803327577 0.4374662633229019 139
