1765234866794 0.44329000645600736 1
1765234866819 0.033797145741467124 2
1765234866843 0.07238456466273888 3
1765234866869 0.005990799817076961 4
1765234866895 0.00014666939199087277 5
1765234866922 0.00021878700470592878 6
1765234866946 1.0944368949658828e-05 7
1765234866972 8.157309277754065e-06 8
1765234866995 7.099705769812652e-06 9
1765234867019 5.84759560956285e-06 10
1765234867039 5.088878396222719e-06 11
1765234867060 4.663350529284785e-06 12
1765234867082 4.0281655404477964e-06 13
1765234867108 3.660826945791025e-06 14
1765234867138 3.5246294914872862e-06 15
1765234867164 2.9789599176538992e-06 16
1765234867187 2.7683846361713948e-06 17
1765234867210 2.5407795413933398e-06 18
1765234867234 2.3149609689705657e-06 19
1765234867262 2.1590352005132547e-06 20
1765234867289 1.991455387696492e-06 21
1765234867309 1.8095353050626672e-06 22
1765234867332 1.7754792173483604e-06 23
1765234867355 1.615063215636492e-06 24
1765234867380 1.5093121032014677e-06 25
1765234867402 1.4403042298877358e-06 26
1765234867425 1.3551640755391636e-06 27
1765234867449 1.285258829596428e-06 28
1765234867474 1.2467208706470785e-06 29
1765234867502 1.1696446480697914e-06 30
1765234867533 1.104219450846693e-06 31
1765234867577 1.0629920192594314e-06 32
1765234867613 1.0110094161485308e-06 33
1765234867643 9.60819571607464e-07 34
1765234867669 9.240729032893953e-07 35
1765234867699 8.83741336858628e-07 36
1765234867732 8.460984109828323e-07 37
1765234867764 8.138329928427158e-07 38
1765234867794 7.806710093142525e-07 39
1765234867825 7.501978508147508e-07 40
1765234867847 7.3137606572853e-07 41
1765234867869 6.955251216337424e-07 42
1765234867890 6.749107706255907e-07 43
1765234867913 6.471261485571665e-07 44
1765234867935 6.256155693212096e-07 45
1765234867959 6.112749290602886e-07 46
1765234867979 5.843865503921611e-07 47
1765234868002 5.664608790989678e-07 48
1765234868023 5.521203034279842e-07 49
1765234868049 5.306094758226154e-07 50
1765234868077 5.162689360527384e-07 51
1765234868101 5.019283039657301e-07 52
