1765234889076 1.0734010558379323 1
1765234889106 0.983783281387243 2
1765234889138 0.8886499512464481 3
1765234889173 0.8193892240524292 4
1765234889198 0.7149518203914613 5
1765234889225 0.6426759160550913 6
1765234889256 0.5495417109109405 7
1765234889287 0.47209271183587553 8
1765234889317 0.387008871126892 9
1765234889347 0.34097915753386077 10
1765234889385 0.27946295460363973 11
1765234889414 0.24120063418732549 12
1765234889443 0.21601302552043944 13
1765234889471 0.17041523485703575 14
1765234889497 0.14157585513995105 15
1765234889526 0.1439314212902148 16
1765234889558 0.11873040577970949 17
1765234889590 0.11920500966839324 18
1765234889616 0.09432602144385639 19
1765234889646 0.08887983270381626 20
1765234889685 0.06602485899470355 21
1765234889729 0.06979171584423323 22
1765234889772 0.07294948987270657 23
1765234889813 0.04745250622412764 24
1765234889865 0.0582671303834234 25
1765234889905 0.05100881067433752 26
1765234889941 0.05134433157798043 27
1765234889974 0.04635586197438993 28
1765234890009 0.04055648302323276 29
1765234890038 0.03486645737088712 30
1765234890065 0.04155696927100644 31
1765234890101 0.050443620736101515 32
1765234890136 0.02964984528244214 33
1765234890167 0.0335070752692794 34
1765234890200 0.03090409678582074 35
1765234890233 0.031781443933907305 36
1765234890262 0.023404510905335945 37
1765234890292 0.018779739107292397 38
1765234890321 0.02179986927518271 39
1765234890359 0.024948211241499485 40
1765234890390 0.01732485776476534 41
1765234890422 0.017587430365523675 42
1765234890455 0.017361785348196674 43
1765234890484 0.018150244324811195 44
1765234890512 0.015634766275665367 45
1765234890543 0.014600283322292134 46
1765234890574 0.01933753098837359 47
1765234890601 0.020769521461001465 48
1765234890630 0.017379590821333397 49
1765234890655 0.012798049588708725 50
1765234890685 0.01418352087511492 51
1765234890710 0.012627442682484039 52
1765234890735 0.010679223619776084 53
1765234890762 0.013662029532811962 54
1765234890790 0.011675377369375158 55
1765234890817 0.011845917223875685 56
1765234890847 0.009586118732375982 57
1765234890878 0.0161498713398333 58
1765234890910 0.008562936426553511 59
1765234890942 0.010333823134660497 60
1765234890968 0.016371490449567597 61
1765234890992 0.01031907781069272 62
1765234891017 0.00968514259771577 63
1765234891048 0.008854518784560207 64
1765234891075 0.008364189972862937 65
1765234891102 0.008658289299276482 66
1765234891128 0.010362450604123953 67
1765234891160 0.00948146872985688 68
1765234891192 0.00885769899206278 69
1765234891222 0.012645770513795708 70
1765234891255 0.0068767116636149865 71
1765234891288 0.006149530563069354 72
1765234891315 0.00968868550459357 73
1765234891341 0.0064390432890469584 74
1765234891366 0.004838204174127458 75
1765234891397 0.008033968352439596 76
1765234891424 0.02121921356669382 77
1765234891451 0.005409002534719534 78
1765234891479 0.016248143147642172 79
1765234891509 0.005983127600336587 80
1765234891535 0.004879020779442631 81
1765234891568 0.00533826786786654 82
1765234891598 0.00728927891967552 83
1765234891627 0.004294293759306683 84
1765234891656 0.004259040169557906 85
1765234891680 0.004276360852531809 86
1765234891707 0.004407390497390293 87
1765234891733 0.0037568622807923114 88
1765234891758 0.003105700915833389 89
1765234891784 0.0030711512580247863 90
1765234891813 0.004797194118824213 91
1765234891843 0.006313007315743323 92
1765234891872 0.005468120484672403 93
1765234891900 0.003054198044281334 94
1765234891929 0.004773651545559217 95
1765234891955 0.0062909056625111886 96
1765234891979 0.007660213265527754 97
1765234892004 0.002253608118140496 98
1765234892031 0.004292163206614498 99
1765234892056 0.0022760285480347064 100
1765234892087 0.0016771752432937763 101
1765234892118 0.0020358660923583166 102
1765234892151 0.0034110936602311476 103
1765234892205 0.0023323309194660724 104
1765234892233 0.0038482344926411946 105
1765234892264 0.003052566448205564 106
1765234892294 0.0030457469377810262 107
1765234892323 0.0027639295494873636 108
1765234892349 0.002183137332873517 109
1765234892377 0.005756569496720077 110
1765234892404 0.0029173151798252213 111
1765234892435 0.0014416046580212204 112
