1765279301049 1.1123613352166082 1
1765279301058 1.0837515632909043 2
1765279301068 1.0567516213969181 3
1765279301077 1.03100884229617 4
1765279301088 1.0061683112517334 5
1765279301099 0.9828586439441022 6
1765279301108 0.9593699525173446 7
1765279301118 0.9363780837309988 8
1765279301128 0.9135447592663586 9
1765279301139 0.8901282929836359 10
1765279301149 0.8671320201759052 11
1765279301159 0.8430904938762349 12
1765279301170 0.8196663291830766 13
1765279301180 0.7959675004607752 14
1765279301190 0.7727347787161519 15
1765279301199 0.7497843002018175 16
1765279301208 0.7260315427206513 17
1765279301220 0.7026938464408531 18
1765279301231 0.6793154388442075 19
1765279301241 0.6563589380199748 20
1765279301254 0.633395945219169 21
1765279301267 0.6109487566732823 22
1765279301279 0.5879935133726077 23
1765279301291 0.5656709487276866 24
1765279301302 0.5435011857434323 25
1765279301313 0.5220267938491994 26
1765279301324 0.5004270094677918 27
1765279301333 0.4805099663877846 28
1765279301342 0.4599485433191285 29
1765279301351 0.44066375426780013 30
1765279301361 0.42152573425966994 31
1765279301371 0.4036316472784917 32
1765279301382 0.3861862878154095 33
1765279301392 0.3694038482985102 34
1765279301402 0.3533336179597037 35
1765279301413 0.3378804170323494 36
1765279301424 0.3235946671855181 37
1765279301434 0.3096501090024647 38
1765279301443 0.29683920113663925 39
1765279301453 0.2845591927381386 40
1765279301463 0.273109420013607 41
1765279301476 0.26208295028908807 42
1765279301485 0.25184193724080134 43
1765279301493 0.24185182120566978 44
1765279301505 0.23264542479712264 45
1765279301517 0.2237744026054117 46
1765279301530 0.21571461128112965 47
1765279301542 0.20772864966464222 48
1765279301553 0.20040099490854077 49
1765279301564 0.19297617550631216 50
1765279301575 0.18619184072752645 51
1765279301587 0.1795316049479004 52
1765279301599 0.1736642241029811 53
1765279301610 0.16788656684689054 54
1765279301623 0.16228960353629032 55
1765279301636 0.15735606905212976 56
1765279301647 0.15221452847459263 57
1765279301656 0.14791589717667802 58
1765279301667 0.14349770540357532 59
1765279301679 0.13938667171431662 60
1765279301691 0.13539117983633414 61
1765279301704 0.13154290728551105 62
1765279301715 0.12802021423900933 63
1765279301727 0.12452927679943859 64
1765279301739 0.12116184987519917 65
1765279301751 0.11787667290720724 66
1765279301761 0.1147919413738681 67
1765279301773 0.11178164385763326 68
1765279301787 0.10896922692768556 69
1765279301803 0.10621077976280585 70
1765279301816 0.10347820577540792 71
1765279301828 0.10100977268434108 72
1765279301840 0.09864419373802673 73
