1765234868383 0.9322798520998847 1
1765234868402 0.8171594116024505 2
1765234868422 0.7303113318923721 3
1765234868442 0.6341818620387772 4
1765234868459 0.5707467955754215 5
1765234868477 0.5079896082555441 6
1765234868495 0.4518653145410064 7
1765234868513 0.39743669566355255 8
1765234868535 0.3553850529785443 9
1765234868559 0.30825516816816834 10
1765234868579 0.2777472006199055 11
1765234868599 0.24488900489825055 12
1765234868616 0.21084141921728178 13
1765234868634 0.20072708105234274 14
1765234868654 0.18991570757295853 15
1765234868672 0.17314879024835458 16
1765234868690 0.15068233147599644 17
1765234868710 0.13737970288086654 18
1765234868731 0.12708181055976933 19
1765234868751 0.11864543835023292 20
1765234868769 0.11295544524165921 21
1765234868791 0.1000034849446519 22
1765234868810 0.09647598179211293 23
1765234868831 0.08706434524821159 24
1765234868852 0.08867034209626061 25
1765234868876 0.0866080195383918 26
1765234868899 0.08050233839934033 27
1765234868921 0.07626655176842123 28
1765234868939 0.06243085637128443 29
1765234868956 0.06737360982854564 30
1765234868974 0.05338816993862839 31
1765234868991 0.06468684859293744 32
1765234869009 0.05984080638876535 33
1765234869026 0.05167712272614017 34
1765234869045 0.056527355489762204 35
1765234869072 0.05699490240417925 36
1765234869095 0.04748821652431349 37
1765234869116 0.05304672734993965 38
1765234869137 0.04015776365155116 39
1765234869161 0.05127261121078093 40
1765234869194 0.04178205836228186 41
1765234869224 0.04880637794564989 42
1765234869255 0.034608099343521256 43
1765234869289 0.0419718943872398 44
1765234869330 0.03474331459492669 45
1765234869364 0.034354677949892005 46
1765234869395 0.030379930700182467 47
1765234869423 0.03498494667106105 48
1765234869444 0.030922077624197294 49
1765234869462 0.031814499877225184 50
1765234869482 0.03558665521694977 51
1765234869502 0.024372685980752 52
1765234869520 0.028137815839617997 53
1765234869539 0.030291870916507355 54
1765234869562 0.027774248426233914 55
1765234869587 0.025849209468167527 56
1765234869606 0.02403266025581082 57
1765234869626 0.024273283039114642 58
1765234869646 0.021514491976371834 59
1765234869668 0.021789564716076494 60
1765234869690 0.020575563346308872 61
1765234869710 0.022500664969079924 62
1765234869730 0.018525166468540754 63
1765234869747 0.023275635282235935 64
1765234869767 0.01606767703043787 65
1765234869786 0.01482129147402326 66
1765234869804 0.01880557772080253 67
1765234869826 0.01533243321302466 68
1765234869847 0.01848878001416088 69
1765234869866 0.012481739481953079 70
1765234869886 0.01674949953374558 71
1765234869906 0.01327792498724241 72
1765234869927 0.0104091077153676 73
1765234869949 0.013170391212644657 74
