1765803352315 1.0842844265744203 1
1765803352343 1.065439295948 2
1765803352367 1.0399348655141385 3
1765803352395 1.033540439784975 4
1765803352421 1.0218418433253926 5
1765803352447 0.9749766552358642 6
1765803352470 0.9602107679037223 7
1765803352492 0.9232822943450814 8
1765803352520 0.860963389389497 9
1765803352544 0.809605040048298 10
1765803352569 0.764096818920365 11
1765803352594 0.6718391431005377 12
1765803352619 0.6248691283670583 13
1765803352643 0.5704876148611083 14
1765803352670 0.4920786525073804 15
1765803352695 0.43099774991659295 16
1765803352722 0.36649241752194284 17
1765803352748 0.3267609001998615 18
1765803352775 0.295580216760474 19
1765803352800 0.2682074012612938 20
1765803352823 0.22775949660996744 21
1765803352848 0.17725658259893717 22
1765803352872 0.16673920432427772 23
1765803352895 0.17566706066517004 24
1765803352916 0.1322678726418574 25
1765803352939 0.12785820763810238 26
1765803352970 0.14567851387244418 27
1765803352999 0.140176321554901 28
1765803353026 0.1328455945546914 29
1765803353056 0.10791241799138095 30
1765803353082 0.10550669930819281 31
1765803353106 0.07862520699662373 32
1765803353136 0.08797957305621384 33
1765803353174 0.07908714524841398 34
1765803353207 0.05692673446540546 35
1765803353233 0.06820697925592724 36
1765803353257 0.09072702973240748 37
1765803353282 0.0713431176806527 38
1765803353305 0.06612379137510643 39
1765803353330 0.052946136203503476 40
1765803353354 0.051474098757756666 41
1765803353375 0.0457489734963703 42
1765803353398 0.06388864450548824 43
1765803353427 0.0500980038335897 44
1765803353462 0.05908341082583245 45
1765803353496 0.05063682652159097 46
1765803353526 0.04780057696205445 47
1765803353556 0.05071084529049415 48
1765803353587 0.04440267165576605 49
1765803353613 0.03769864241375511 50
1765803353640 0.04014015990078337 51
1765803353666 0.023934808636742428 52
1765803353688 0.058163735763470926 53
1765803353710 0.03213370137469829 54
1765803353732 0.06371726174103587 55
1765803353756 0.023810666418613347 56
1765803353779 0.027035534826520467 57
1765803353802 0.028101820988874687 58
1765803353824 0.0358093286675394 59
1765803353847 0.044876817410769765 60
1765803353872 0.033623476659781056 61
1765803353894 0.043880755522925606 62
1765803353916 0.02378443119692077 63
1765803353951 0.036774931517534686 64
1765803353973 0.030369307326776136 65
1765803353996 0.028239856370815768 66
1765803354019 0.0696814949519204 67
1765803354039 0.035267506887141926 68
1765803354063 0.03315350815961908 69
1765803354084 0.021315793964584686 70
1765803354106 0.020426702790690542 71
1765803354129 0.015534093692772706 72
1765803354153 0.013161692014699312 73
1765803354176 0.021911113088796463 74
1765803354199 0.018041802698018073 75
1765803354221 0.0273186327483421 76
1765803354243 0.022998754789394543 77
1765803354269 0.017817042207807526 78
1765803354292 0.017975190164227235 79
1765803354314 0.02982995625326228 80
1765803354334 0.01380978025411977 81
1765803354354 0.009574670652697858 82
1765803354375 0.009541099744015619 83
1765803354398 0.014046062137651489 84
1765803354419 0.021547216221802216 85
1765803354442 0.016922191069006248 86
1765803354464 0.021749164744567378 87
1765803354489 0.026777133661150736 88
1765803354513 0.006940536060951706 89
1765803354537 0.007803173329378303 90
1765803354557 0.02350568457653648 91
1765803354580 0.014082069025564015 92
1765803354601 0.0133454050200018 93
1765803354625 0.006419612401116051 94
1765803354648 0.041220960410353835 95
1765803354670 0.017339178220950123 96
1765803354695 0.007898515699557344 97
1765803354717 0.021944880994961113 98
1765803354741 0.032243193310153274 99
1765803354762 0.017713387309235724 100
1765803354785 0.009498752269340693 101
1765803354808 0.02656009382589307 102
1765803354830 0.018161957789408534 103
1765803354853 0.005694661002354066 104
1765803354877 0.010503026439731283 105
1765803354899 0.032843020756876 106
1765803354922 0.019666018146545367 107
1765803354943 0.01047527419116096 108
1765803354965 0.045166961060962955 109
1765803354988 0.03495524289905745 110
1765803355008 0.00348695277943647 111
1765803355031 0.006563231732374183 112
1765803355054 0.006920044891592255 113
1765803355077 0.007035627103361644 114
1765803355098 0.0072460867476796635 115
1765803355122 0.016039966290494555 116
1765803355148 0.03342395925656297 117
1765803355171 0.008120771284645747 118
1765803355196 0.010438819695964344 119
1765803355219 0.005340769467700301 120
1765803355243 0.014657075432684625 121
1765803355265 0.0028904623737562225 122
1765803355291 0.02094146554862478 123
1765803355312 0.01155400086856006 124
1765803355339 0.006824881153940959 125
1765803355368 0.019485552658465223 126
1765803355396 0.01639960798097046 127
1765803355417 0.036355343468848764 128
1765803355437 0.030084542229883653 129
1765803355457 0.005767324093499053 130
1765803355478 0.004927250609165968 131
1765803355502 0.005487352490593168 132
1765803355525 0.006161357231938834 133
1765803355545 0.007953119994652338 134
1765803355568 0.0064010828623156015 135
1765803355588 0.019665659793925688 136
1765803355611 0.013478924418778572 137
1765803355631 0.021085114298822514 138
1765803355651 0.006109732319081169 139
1765803355674 0.008733194855766553 140
1765803355697 0.0022852013913452402 141
1765803355720 0.005933645697786732 142
1765803355742 0.003596148991089006 143
1765803355765 0.005820974346978548 144
1765803355788 0.006888705424919459 145
1765803355810 0.005038620772792545 146
1765803355831 0.007229353654794868 147
