1765234906666 1.0842844265744203 1
1765234906689 1.065439295948 2
1765234906707 1.0399348655141385 3
1765234906728 1.033540439784975 4
1765234906747 1.0218418433253926 5
1765234906768 0.9749766552358642 6
1765234906786 0.9602107679037223 7
1765234906807 0.9232822943450814 8
1765234906830 0.860963389389497 9
1765234906855 0.809605040048298 10
1765234906881 0.764096818920365 11
1765234906902 0.6718391431005377 12
1765234906925 0.6248691283670583 13
1765234906947 0.5704876148611083 14
1765234906968 0.4920786525073804 15
1765234906989 0.43099774991659295 16
1765234907009 0.36649241752194284 17
1765234907032 0.3267609001998615 18
1765234907056 0.295580216760474 19
1765234907078 0.2682074012612938 20
1765234907100 0.22775949660996744 21
1765234907125 0.17725658259893717 22
1765234907150 0.16673920432427772 23
1765234907175 0.17566706066517004 24
1765234907205 0.1322678726418574 25
1765234907232 0.12785820763810238 26
1765234907257 0.14567851387244418 27
1765234907282 0.140176321554901 28
1765234907304 0.1328455945546914 29
1765234907329 0.10791241799138095 30
1765234907358 0.10550669930819281 31
1765234907382 0.07862520699662373 32
1765234907411 0.08797957305621384 33
1765234907434 0.07908714524841398 34
1765234907458 0.05692673446540546 35
1765234907482 0.06820697925592724 36
1765234907505 0.09072702973240748 37
1765234907524 0.0713431176806527 38
1765234907543 0.06612379137510643 39
1765234907564 0.052946136203503476 40
1765234907584 0.051474098757756666 41
1765234907606 0.0457489734963703 42
1765234907630 0.06388864450548824 43
1765234907656 0.0500980038335897 44
1765234907675 0.05908341082583245 45
1765234907694 0.05063682652159097 46
1765234907712 0.04780057696205445 47
1765234907731 0.05071084529049415 48
1765234907749 0.04440267165576605 49
1765234907772 0.03769864241375511 50
1765234907793 0.04014015990078337 51
1765234907814 0.023934808636742428 52
1765234907834 0.058163735763470926 53
1765234907854 0.03213370137469829 54
1765234907875 0.06371726174103587 55
1765234907896 0.023810666418613347 56
1765234907916 0.027035534826520467 57
1765234907935 0.028101820988874687 58
1765234907954 0.0358093286675394 59
1765234907976 0.044876817410769765 60
1765234907997 0.033623476659781056 61
1765234908018 0.043880755522925606 62
1765234908037 0.02378443119692077 63
1765234908054 0.036774931517534686 64
1765234908071 0.030369307326776136 65
1765234908091 0.028239856370815768 66
1765234908109 0.0696814949519204 67
1765234908127 0.035267506887141926 68
1765234908147 0.03315350815961908 69
1765234908167 0.021315793964584686 70
1765234908186 0.020426702790690542 71
1765234908204 0.015534093692772706 72
1765234908223 0.013161692014699312 73
1765234908248 0.021911113088796463 74
1765234908271 0.018041802698018073 75
1765234908294 0.0273186327483421 76
1765234908313 0.022998754789394543 77
1765234908330 0.017817042207807526 78
1765234908348 0.017975190164227235 79
1765234908366 0.02982995625326228 80
1765234908384 0.01380978025411977 81
1765234908409 0.009574670652697858 82
1765234908431 0.009541099744015619 83
1765234908452 0.014046062137651489 84
1765234908472 0.021547216221802216 85
1765234908492 0.016922191069006248 86
1765234908512 0.021749164744567378 87
1765234908533 0.026777133661150736 88
1765234908554 0.006940536060951706 89
1765234908573 0.007803173329378303 90
1765234908590 0.02350568457653648 91
1765234908610 0.014082069025564015 92
1765234908632 0.0133454050200018 93
1765234908649 0.006419612401116051 94
1765234908666 0.041220960410353835 95
1765234908688 0.017339178220950123 96
1765234908710 0.007898515699557344 97
1765234908736 0.021944880994961113 98
1765234908759 0.032243193310153274 99
1765234908778 0.017713387309235724 100
1765234908795 0.009498752269340693 101
1765234908813 0.02656009382589307 102
1765234908834 0.018161957789408534 103
1765234908853 0.005694661002354066 104
1765234908873 0.010503026439731283 105
1765234908891 0.032843020756876 106
1765234908911 0.019666018146545367 107
1765234908929 0.01047527419116096 108
1765234908950 0.045166961060962955 109
1765234908970 0.03495524289905745 110
1765234908986 0.00348695277943647 111
1765234909004 0.006563231732374183 112
1765234909022 0.006920044891592255 113
1765234909040 0.007035627103361644 114
1765234909061 0.0072460867476796635 115
1765234909081 0.016039966290494555 116
1765234909101 0.03342395925656297 117
1765234909118 0.008120771284645747 118
1765234909140 0.010438819695964344 119
1765234909160 0.005340769467700301 120
1765234909180 0.014657075432684625 121
1765234909201 0.0028904623737562225 122
1765234909220 0.02094146554862478 123
1765234909238 0.01155400086856006 124
1765234909259 0.006824881153940959 125
1765234909279 0.019485552658465223 126
1765234909303 0.01639960798097046 127
1765234909321 0.036355343468848764 128
1765234909340 0.030084542229883653 129
1765234909359 0.005767324093499053 130
1765234909378 0.004927250609165968 131
1765234909396 0.005487352490593168 132
1765234909417 0.006161357231938834 133
1765234909442 0.007953119994652338 134
1765234909463 0.0064010828623156015 135
1765234909481 0.019665659793925688 136
1765234909500 0.013478924418778572 137
1765234909518 0.021085114298822514 138
1765234909540 0.006109732319081169 139
1765234909561 0.008733194855766553 140
1765234909582 0.0022852013913452402 141
1765234909605 0.005933645697786732 142
1765234909628 0.003596148991089006 143
1765234909651 0.005820974346978548 144
1765234909674 0.006888705424919459 145
1765234909693 0.005038620772792545 146
1765234909713 0.007229353654794868 147
