1765233789916 1.0263318867611706 1
1765233789927 0.7937915746430705 2
1765233789938 0.55435320802201 3
1765233789951 0.3248175534986912 4
1765233789964 0.16692339385250457 5
1765233789978 0.10781299944658924 6
1765233789990 0.07311305674003031 7
1765233790001 0.04676900720013712 8
1765233790017 0.035976816732016276 9
1765233790031 0.027876227250308694 10
1765233790044 0.017302910891830697 11
1765233790060 0.01464132918395046 12
1765233790073 0.00993311979555826 13
1765233790084 0.0157856466108583 14
1765233790097 0.006662190426141024 15
1765233790109 0.003875067750783287 16
1765233790121 0.00928346689569911 17
1765233790134 0.0042520524212684395 18
1765233790147 0.003885959619060999 19
1765233790160 0.002779804586775993 20
1765233790173 0.003934159018869575 21
1765233790185 0.0035367593732907585 22
1765233790198 0.004388353885396531 23
1765233790211 0.0027352295554666675 24
1765233790223 0.003804620930441844 25
1765233790233 0.0019487387087560237 26
1765233790243 0.002255431103740672 27
1765233790252 0.0019491461746366625 28
1765233790263 0.0012167711176338809 29
1765233790275 0.0018709741919686583 30
1765233790284 0.002303793656449814 31
1765233790296 0.0016175444129350265 32
1765233790310 0.0011889669717914473 33
1765233790323 0.0024037525001640767 34
1765233790336 0.0008745422770940573 35
1765233790350 0.00062508662506987 36
1765233790363 0.000886995170184033 37
1765233790379 0.0008409748235069692 38
1765233790392 0.0012106425636553002 39
1765233790404 0.0017997397161659471 40
1765233790417 0.0009323924455920382 41
1765233790430 0.0010977673683056426 42
1765233790444 0.001205618752129866 43
1765233790457 0.0005122684975175705 44
1765233790471 0.0006042798767496544 45
1765233790485 0.0004485723407673217 46
1765233790498 0.0008296167814519425 47
1765233790512 0.00041494330897213035 48
1765233790525 0.0009440815186082505 49
1765233790537 0.00043100641696377747 50
