1765233790842 0.7122207922594888 1
1765233790852 0.13837536208723722 2
1765233790864 0.05942499581934478 3
1765233790874 0.032750263810157776 4
1765233790884 0.01358332979506848 5
1765233790894 0.02058853931669006 6
1765233790904 0.03364557371351385 7
1765233790914 0.006101384604895921 8
1765233790925 0.014342697758071782 9
1765233790935 0.011794133771512233 10
1765233790945 0.015582995128498535 11
1765233790955 0.003578611823252146 12
1765233790965 0.0036401041308731933 13
1765233790975 0.012803396446242161 14
1765233790983 0.006645758728093216 15
1765233790992 0.008133545640026241 16
1765233791000 0.0021959228407857673 17
1765233791009 0.009988013505954269 18
1765233791017 0.003280918779117667 19
1765233791026 0.0028413610699980674 20
1765233791034 0.0018552188913944472 21
1765233791043 0.00139802862378503 22
1765233791053 0.0006810567515492579 23
1765233791063 0.0006625992065851175 24
1765233791072 0.00015992390404803735 25
1765233791080 0.0015844349899063154 26
1765233791091 0.01887084803329139 27
1765233791101 0.0011306620978477195 28
1765233791111 0.0029906604326942884 29
1765233791120 0.009591408280473678 30
1765233791129 0.0014597475738789803 31
1765233791140 0.001786913605131242 32
1765233791149 0.0007974164508377179 33
1765233791158 0.0006610872293996994 34
1765233791165 0.0005950945524911964 35
1765233791174 0.0019386437020432624 36
1765233791182 0.00036117742164130907 37
1765233791190 0.0023513553003391635 38
1765233791200 0.0011824749532858999 39
1765233791209 0.0005953066693331822 40
1765233791217 0.0004998034256302224 41
1765233791225 0.006187119494052582 42
1765233791233 0.0007170690442810729 43
1765233791242 0.000475866290990349 44
1765233791250 0.001501276724909069 45
1765233791260 0.0008619867695873617 46
1765233791270 0.000520571684921064 47
1765233791279 0.0004092635080494911 48
1765233791290 0.002485477412587248 49
1765233791300 0.001151235965850826 50
1765233791311 0.00014673007416847139 51
1765233791322 0.0005279238656586862 52
1765233791333 0.00011955828167834228 53
1765233791343 0.0001569896020848974 54
1765233791352 0.00015526949681586295 55
1765233791362 0.001534681769851175 56
1765233791371 0.000974996525069426 57
1765233791381 6.673592787365124e-05 58
1765233791393 0.0005285415665051353 59
1765233791403 0.00026939588242658603 60
1765233791416 0.00015453289901265257 61
1765233791428 0.0004767176429746008 62
1765233791439 0.0002580586526736566 63
1765233791451 0.00015973915550948457 64
1765233791462 0.0001979847066614635 65
1765233791472 0.00030517592742562965 66
1765233791484 0.0005910860136485026 67
1765233791494 0.00016094815411387865 68
1765233791502 0.0003040042973631806 69
1765233791514 0.00013522333088794288 70
1765233791526 0.00029670826912014237 71
1765233791539 0.0008506845372957221 72
1765233791554 0.0005967288096852094 73
1765233791569 0.0001432668991891065 74
1765233791583 0.00012065046875544165 75
1765233791595 0.0001642846417117359 76
1765233791610 6.97606784185216e-05 77
1765233791625 0.00016450139946242497 78
1765233791635 0.0017302732269587765 79
1765233791647 6.559368396261917e-05 80
1765233791658 0.00041148126719666545 81
1765233791668 6.469931821584396e-05 82
1765233791679 2.0775914889943698e-05 83
