1765235479044 0.6306273621275909 1
1765235479057 0.0876111493382911 2
1765235479067 0.02670318585220038 3
1765235479080 0.009853737134682504 4
1765235479093 0.005544112601380487 5
1765235479106 0.0036458301478716777 6
1765235479116 0.002483122006997018 7
1765235479127 0.0019750328562957676 8
1765235479139 0.0016864014315047771 9
1765235479149 0.0014486470175696944 10
1765235479160 0.0012652784775455895 11
1765235479171 0.001140125905937354 12
1765235479181 0.0010155951655671154 13
1765235479192 0.0009472744090349547 14
1765235479204 0.0008852308374458462 15
1765235479217 0.0008220089791181561 16
1765235479228 0.0007339960950622825 17
1765235479240 0.0006722532658263537 18
1765235479250 0.0006099786230623792 19
1765235479260 0.0005772485156172424 20
1765235479272 0.0005402846180182213 21
1765235479285 0.0005163069126455296 22
1765235479296 0.00047787999462063207 23
1765235479309 0.00043749136419588686 24
1765235479322 0.0004115835570947344 25
1765235479334 0.0003883672941168 26
1765235479347 0.00036589074919273363 27
1765235479360 0.0003466448402846288 28
1765235479372 0.00032813288722755355 29
1765235479385 0.0003113313606516563 30
1765235479396 0.00029569336487226855 31
1765235479411 0.0002826432935119768 32
1765235479430 0.00026948344269552953 33
1765235479446 0.0002563529423736484 34
1765235479464 0.00024724866089766015 35
1765235479478 0.00023596573693684784 36
1765235479491 0.000224639635231361 37
1765235479511 0.00021687530058163 38
1765235479526 0.00020779008387160816 39
1765235479539 0.0001997013640350685 40
1765235479552 0.00019296920908161148 41
1765235479567 0.000183318394999531 42
1765235479578 0.00017779476720055468 43
1765235479590 0.00017101580366366229 44
1765235479603 0.00016494916797496546 45
1765235479616 0.00015973162056556097 46
1765235479630 0.00015357817285536628 47
1765235479644 0.000147994118939588 48
1765235479658 0.00014359981013738543 49
1765235479673 0.0001376929020691187 50
1765235479688 0.00013381556619380608 51
1765235479701 0.00013003338255684934 52
1765235479713 0.000125963282363572 53
1765235479725 0.00012188203823354045 54
