1765234878587 0.6306273621275909 1
1765234878603 0.0876111493382911 2
1765234878620 0.02670318585220038 3
1765234878633 0.009853737134682504 4
1765234878648 0.005544112601380487 5
1765234878661 0.0036458301478716777 6
1765234878672 0.002483122006997018 7
1765234878683 0.0019750328562957676 8
1765234878696 0.0016864014315047771 9
1765234878708 0.0014486470175696944 10
1765234878719 0.0012652784775455895 11
1765234878730 0.001140125905937354 12
1765234878743 0.0010155951655671154 13
1765234878753 0.0009472744090349547 14
1765234878763 0.0008852308374458462 15
1765234878775 0.0008220089791181561 16
1765234878787 0.0007339960950622825 17
1765234878800 0.0006722532658263537 18
1765234878813 0.0006099786230623792 19
1765234878826 0.0005772485156172424 20
1765234878837 0.0005402846180182213 21
1765234878849 0.0005163069126455296 22
1765234878861 0.00047787999462063207 23
1765234878872 0.00043749136419588686 24
1765234878890 0.0004115835570947344 25
1765234878902 0.0003883672941168 26
1765234878914 0.00036589074919273363 27
1765234878926 0.0003466448402846288 28
1765234878937 0.00032813288722755355 29
1765234878948 0.0003113313606516563 30
1765234878959 0.00029569336487226855 31
1765234878970 0.0002826432935119768 32
1765234878982 0.00026948344269552953 33
1765234878994 0.0002563529423736484 34
1765234879006 0.00024724866089766015 35
1765234879016 0.00023596573693684784 36
1765234879028 0.000224639635231361 37
1765234879041 0.00021687530058163 38
1765234879054 0.00020779008387160816 39
1765234879066 0.0001997013640350685 40
1765234879079 0.00019296920908161148 41
1765234879093 0.000183318394999531 42
1765234879105 0.00017779476720055468 43
1765234879116 0.00017101580366366229 44
1765234879128 0.00016494916797496546 45
1765234879140 0.00015973162056556097 46
1765234879152 0.00015357817285536628 47
1765234879165 0.000147994118939588 48
1765234879177 0.00014359981013738543 49
1765234879190 0.0001376929020691187 50
1765234879204 0.00013381556619380608 51
1765234879215 0.00013003338255684934 52
1765234879229 0.000125963282363572 53
1765234879243 0.00012188203823354045 54
