1765234873854 0.9506986701398864 1
1765234873878 0.40371203915517134 2
1765234873900 0.13466894503024623 3
1765234873925 0.1768979047025953 4
1765234873949 0.09185775313999056 5
1765234873970 0.1554333660327059 6
1765234873992 0.09995394993849804 7
1765234874014 0.0639493333217793 8
1765234874036 0.0597224406638932 9
1765234874062 0.07180098428686772 10
1765234874084 0.17224941888576395 11
1765234874109 0.06493031440383258 12
1765234874136 0.07341426670117064 13
1765234874163 0.02964277315733401 14
1765234874187 0.026524716034563103 15
1765234874209 0.09393169734667574 16
1765234874234 0.10299082469242948 17
1765234874261 0.01772432999264755 18
1765234874289 0.08832490095425469 19
1765234874311 0.07098899478630226 20
1765234874340 0.04409862188617979 21
1765234874370 0.026267736072694003 22
1765234874395 0.007229900093247316 23
1765234874425 0.02077157033412855 24
1765234874457 0.03310034976755832 25
1765234874488 0.028472714590119914 26
1765234874513 0.021881514784314975 27
1765234874543 0.030050270806136672 28
1765234874574 0.02261420188646079 29
1765234874600 0.07951805587197983 30
1765234874632 0.07342913413984727 31
1765234874659 0.0985399408385278 32
1765234874681 0.026497734179278802 33
1765234874703 0.05222766237168389 34
1765234874727 0.03655724451871192 35
1765234874750 0.013014815593356288 36
1765234874777 0.14057550098746135 37
1765234874800 0.02653496610911045 38
1765234874824 0.04977794225300372 39
1765234874845 0.10388150250169806 40
1765234874869 0.09087458945474022 41
1765234874895 0.04040397439545824 42
1765234874918 0.12346394503965286 43
1765234874942 0.05321407956785664 44
1765234874965 0.012825632958835802 45
1765234874991 0.08999557407918118 46
1765234875016 0.06901316597134412 47
1765234875040 0.016336106279766654 48
1765234875062 0.024100844627444298 49
1765234875088 0.02773333069293093 50
1765234875110 0.15440864495856735 51
1765234875134 0.027259800936026056 52
1765234875161 0.030128985905496546 53
1765234875186 0.18338529825669503 54
1765234875209 0.03390913113450134 55
1765234875231 0.037773799387165276 56
1765234875252 0.023302529409148634 57
1765234875278 0.019219616704579227 58
1765234875306 0.04332833281686827 59
1765234875327 0.036728689520067324 60
1765234875348 0.01464164229403657 61
1765234875374 0.062247901255774084 62
1765234875397 0.0473893728657342 63
1765234875420 0.0636329631980427 64
1765234875443 0.05708194862686755 65
1765234875468 0.014053612658118593 66
1765234875493 0.023419011742828132 67
1765234875515 0.03942309341493825 68
1765234875542 0.020402627248613994 69
1765234875568 0.020769957461765232 70
1765234875589 0.014079778231525316 71
1765234875612 0.08333047089982822 72
1765234875635 0.02728627428228733 73
1765234875659 0.07680688774740715 74
1765234875687 0.029288306104157034 75
1765234875709 0.034140431174196954 76
1765234875731 0.03718870672085109 77
1765234875762 0.02265682497696767 78
1765234875799 0.006352201216572145 79
1765234875829 0.025508549558732118 80
1765234875866 0.04089929382253035 81
1765234875909 0.00538637078258937 82
1765234875946 0.06291757491509684 83
1765234875978 0.01582894377886139 84
1765234876002 0.04365899795974693 85
1765234876028 0.014651454032107344 86
1765234876054 0.013227403250745874 87
1765234876078 0.021350074141287523 88
1765234876100 0.007307284618694139 89
1765234876124 0.04008501711861303 90
1765234876147 0.027951471697746512 91
1765234876170 0.022323025795879716 92
1765234876195 0.015605749423632508 93
1765234876217 0.030207444673363313 94
1765234876239 0.049644348516059485 95
1765234876261 0.08741156998369386 96
1765234876285 0.003247853104026118 97
1765234876308 0.023323059376309203 98
1765234876330 0.07505782890081122 99
1765234876353 0.0034768046514487777 100
1765234876375 0.024765062694344885 101
1765234876399 0.06892752316723966 102
1765234876422 0.011415669050904426 103
1765234876445 0.09188966255191244 104
1765234876468 0.04461187625554858 105
1765234876490 0.007736657017518101 106
1765234876514 0.1667533254289439 107
1765234876538 0.024848055628072678 108
1765234876563 0.05372473819025095 109
1765234876591 0.04061701111005052 110
1765234876614 0.02383628950636708 111
1765234876641 0.11936721455167298 112
1765234876667 0.02511028437683841 113
1765234876693 0.0762759889669115 114
1765234876716 0.03704390773534276 115
1765234876739 0.031333446318158986 116
1765234876760 0.19685371928426443 117
1765234876781 0.007237823402674476 118
1765234876804 0.07736895695489109 119
1765234876830 0.07260167193396042 120
1765234876853 0.052578338652672266 121
1765234876876 0.035423941387409945 122
1765234876899 0.04793655355002502 123
1765234876925 0.09209514995540699 124
1765234876951 0.018950806866851258 125
1765234876979 0.048626682812065475 126
1765234877000 0.028847622275866923 127
1765234877022 0.012190757982277318 128
1765234877043 0.025090690033460993 129
1765234877065 0.026870332063129155 130
1765234877089 0.013407606420541939 131
1765234877113 0.06265715744067647 132
1765234877137 0.005995931315640816 133
1765234877163 0.022614960125054415 134
1765234877186 0.02123575810721246 135
1765234877211 0.0462200816812248 136
1765234877236 0.06431805023767527 137
1765234877258 0.033958469624217696 138
1765234877281 0.015682330671025733 139
1765234877306 0.05650391367051137 140
1765234877334 0.004708091666710094 141
