1765235461999 0.7186574790262639 1
1765235462024 0.09008732173395784 2
1765235462048 0.06225582720060602 3
1765235462072 0.013110374436622723 4
1765235462099 0.01306866271564863 5
1765235462126 0.01939470106884627 6
1765235462151 0.014267184253417909 7
1765235462179 0.027173232084426405 8
1765235462206 0.007222304156738731 9
1765235462238 0.02719813744745198 10
1765235462262 0.03703745229293937 11
1765235462286 0.0011052856875755964 12
1765235462312 0.0046580210931582615 13
1765235462338 0.002183738049651786 14
1765235462362 0.0015955221714703065 15
1765235462386 0.011016643932436168 16
1765235462410 0.0008769567538310316 17
1765235462440 0.024113537891203567 18
1765235462468 0.015324315466185177 19
1765235462491 0.0012893307015118829 20
1765235462519 0.0014243325604380666 21
1765235462543 0.0058637098749919885 22
1765235462567 0.008818291724105108 23
1765235462592 0.026384567567247427 24
1765235462619 0.0068948622662702306 25
1765235462648 0.0003381631603061626 26
1765235462676 0.0005108784573886945 27
1765235462704 0.0012291086976976412 28
1765235462730 0.0002726890005964946 29
1765235462757 0.0006735271067619113 30
1765235462785 0.00030640045486223216 31
1765235462815 0.0007121315027690475 32
1765235462843 3.8612929243409144e-05 33
1765235462872 0.000232702337734597 34
1765235462900 0.00021724068510100926 35
1765235462925 0.0001780165904982365 36
1765235462950 3.909785588834688e-05 37
1765235462975 0.00010047594522994156 38
1765235463002 3.527867344805078e-05 39
1765235463032 0.00010483887293615335 40
1765235463056 1.0934581045303806e-05 41
1765235463081 4.287680674620656e-05 42
1765235463109 0.0003192838721208106 43
1765235463135 9.950847856859832e-05 44
1765235463163 7.09779973834165e-05 45
1765235463191 0.00019202956477375866 46
1765235463219 0.00046785803514665146 47
1765235463244 0.00014881061994635747 48
1765235463273 6.58680170211045e-05 49
1765235463299 4.262724021920352e-05 50
1765235463328 0.00026274008248067205 51
1765235463358 4.772715766501379e-05 52
1765235463387 0.0005269549823303788 53
1765235463418 0.0004170428013932215 54
1765235463448 9.315314364622604e-06 55
1765235463476 5.329884068621433e-05 56
1765235463503 0.0001940953885972891 57
1765235463531 7.602451938032231e-05 58
1765235463555 0.00043655215470343246 59
1765235463580 7.5005543363027255e-06 60
1765235463606 4.373542224363777e-05 61
1765235463632 0.00010940643301503263 62
1765235463656 4.874678325401354e-05 63
1765235463682 1.6594626419541236e-05 64
1765235463711 5.9774625674628136e-05 65
1765235463739 0.000373924430949275 66
1765235463763 3.614615688120107e-06 67
1765235463786 7.409292294155455e-06 68
1765235463811 0.00010356334679559758 69
1765235463838 9.245470289442892e-05 70
1765235463864 1.4642424133145446e-05 71
1765235463890 1.2680595115123932e-05 72
1765235463915 5.611250051228531e-05 73
1765235463942 4.598623351935835e-06 74
1765235463966 1.945537719937187e-05 75
1765235463992 0.0001505055229208182 76
1765235464028 4.6249787066117674e-05 77
1765235464061 3.837859063617003e-05 78
1765235464097 3.361259954491738e-05 79
1765235464141 9.60740915173049e-06 80
1765235464188 2.2885142475061465e-05 81
1765235464223 5.557756960454863e-05 82
1765235464258 8.770653834772088e-06 83
1765235464284 7.182205345892233e-06 84
1765235464311 0.0003009535169889105 85
1765235464337 1.6245614322523872e-05 86
1765235464363 6.187604089680555e-06 87
1765235464390 2.2805534966586495e-05 88
1765235464416 0.00022824337103825125 89
1765235464445 4.669423085538452e-05 90
1765235464470 5.245605028873038e-05 91
1765235464494 5.828177782871251e-06 92
1765235464518 6.202741018474332e-05 93
1765235464544 8.606096140944805e-06 94
1765235464570 1.4571976001352818e-05 95
1765235464599 9.118593071003775e-05 96
1765235464623 0.0004496575709961974 97
1765235464647 5.053074831117552e-06 98
1765235464674 6.461315785969432e-06 99
1765235464698 0.002532625109224663 100
1765235464722 0.00042867055640256126 101
1765235464747 0.00047924966542381995 102
1765235464773 7.112527614868014e-05 103
1765235464799 9.446201471412241e-05 104
1765235464827 0.0002657770880035673 105
1765235464853 1.1036474355600939e-05 106
1765235464877 1.735207694236281e-06 107
1765235464901 2.929841831691794e-05 108
1765235464926 1.0138502993690946e-05 109
1765235464953 2.6861280742019017e-06 110
1765235464978 9.89248416925605e-05 111
1765235465006 4.219472598820355e-05 112
1765235465030 8.650179074806133e-06 113
1765235465056 9.482860234866303e-07 114
1765235465082 0.00019702062839860104 115
1765235465107 0.00016301007353600872 116
1765235465134 6.863138913370674e-05 117
1765235465159 2.3410530756246204e-06 118
1765235465184 1.534846663938318e-05 119
1765235465212 8.212921434734785e-05 120
1765235465240 1.034062463988125e-05 121
1765235465268 3.6317525228443025e-05 122
1765235465293 4.12898017266574e-06 123
1765235465321 1.2386173935984649e-05 124
1765235465348 3.9815263343359507e-05 125
1765235465375 1.2452220327919123e-05 126
1765235465403 0.0015839052603471167 127
1765235465432 8.15989819268512e-05 128
1765235465458 3.227432064758623e-06 129
1765235465483 0.0007816322710371045 130
1765235465510 2.347211307470556e-06 131
1765235465537 2.979651848673648e-05 132
1765235465564 0.000682104837965737 133
1765235465592 2.0038338687790846e-05 134
