1765279302195 0.6306273621275909 1
1765279302212 0.0876111493382911 2
1765279302236 0.02670318585220038 3
1765279302251 0.009853737134682504 4
1765279302265 0.005544112601380487 5
1765279302279 0.0036458301478716777 6
1765279302294 0.002483122006997018 7
1765279302307 0.0019750328562957676 8
1765279302321 0.0016864014315047771 9
1765279302335 0.0014486470175696944 10
1765279302349 0.0012652784775455895 11
1765279302363 0.001140125905937354 12
1765279302377 0.0010155951655671154 13
1765279302390 0.0009472744090349547 14
1765279302405 0.0008852308374458462 15
1765279302420 0.0008220089791181561 16
1765279302434 0.0007339960950622825 17
1765279302447 0.0006722532658263537 18
1765279302461 0.0006099786230623792 19
1765279302475 0.0005772485156172424 20
1765279302489 0.0005402846180182213 21
1765279302502 0.0005163069126455296 22
1765279302515 0.00047787999462063207 23
1765279302528 0.00043749136419588686 24
1765279302542 0.0004115835570947344 25
1765279302556 0.0003883672941168 26
1765279302571 0.00036589074919273363 27
1765279302584 0.0003466448402846288 28
1765279302598 0.00032813288722755355 29
1765279302610 0.0003113313606516563 30
1765279302623 0.00029569336487226855 31
1765279302636 0.0002826432935119768 32
1765279302650 0.00026948344269552953 33
1765279302665 0.0002563529423736484 34
1765279302681 0.00024724866089766015 35
1765279302695 0.00023596573693684784 36
1765279302709 0.000224639635231361 37
1765279302722 0.00021687530058163 38
1765279302736 0.00020779008387160816 39
1765279302751 0.0001997013640350685 40
1765279302766 0.00019296920908161148 41
1765279302781 0.000183318394999531 42
1765279302795 0.00017779476720055468 43
1765279302810 0.00017101580366366229 44
1765279302834 0.00016494916797496546 45
1765279302852 0.00015973162056556097 46
1765279302868 0.00015357817285536628 47
1765279302886 0.000147994118939588 48
1765279302903 0.00014359981013738543 49
1765279302926 0.0001376929020691187 50
1765279302947 0.00013381556619380608 51
1765279302964 0.00013003338255684934 52
1765279302983 0.000125963282363572 53
1765279302998 0.00012188203823354045 54
