1765235507194 1.0842844265744203 1
1765235507212 1.065439295948 2
1765235507232 1.0399348655141385 3
1765235507250 1.033540439784975 4
1765235507267 1.0218418433253926 5
1765235507287 0.9749766552358642 6
1765235507307 0.9602107679037223 7
1765235507328 0.9232822943450814 8
1765235507349 0.860963389389497 9
1765235507373 0.809605040048298 10
1765235507394 0.764096818920365 11
1765235507413 0.6718391431005377 12
1765235507436 0.6248691283670583 13
1765235507458 0.5704876148611083 14
1765235507480 0.4920786525073804 15
1765235507499 0.43099774991659295 16
1765235507518 0.36649241752194284 17
1765235507539 0.3267609001998615 18
1765235507559 0.295580216760474 19
1765235507577 0.2682074012612938 20
1765235507599 0.22775949660996744 21
1765235507622 0.17725658259893717 22
1765235507643 0.16673920432427772 23
1765235507665 0.17566706066517004 24
1765235507688 0.1322678726418574 25
1765235507709 0.12785820763810238 26
1765235507740 0.14567851387244418 27
1765235507765 0.140176321554901 28
1765235507793 0.1328455945546914 29
1765235507820 0.10791241799138095 30
1765235507845 0.10550669930819281 31
1765235507873 0.07862520699662373 32
1765235507901 0.08797957305621384 33
1765235507929 0.07908714524841398 34
1765235507959 0.05692673446540546 35
1765235507987 0.06820697925592724 36
1765235508009 0.09072702973240748 37
1765235508030 0.0713431176806527 38
1765235508048 0.06612379137510643 39
1765235508065 0.052946136203503476 40
1765235508083 0.051474098757756666 41
1765235508104 0.0457489734963703 42
1765235508126 0.06388864450548824 43
1765235508144 0.0500980038335897 44
1765235508166 0.05908341082583245 45
1765235508187 0.05063682652159097 46
1765235508210 0.04780057696205445 47
1765235508228 0.05071084529049415 48
1765235508247 0.04440267165576605 49
1765235508267 0.03769864241375511 50
1765235508284 0.04014015990078337 51
1765235508301 0.023934808636742428 52
1765235508319 0.058163735763470926 53
1765235508342 0.03213370137469829 54
1765235508362 0.06371726174103587 55
1765235508382 0.023810666418613347 56
1765235508400 0.027035534826520467 57
1765235508419 0.028101820988874687 58
1765235508436 0.0358093286675394 59
1765235508455 0.044876817410769765 60
1765235508473 0.033623476659781056 61
1765235508493 0.043880755522925606 62
1765235508516 0.02378443119692077 63
1765235508539 0.036774931517534686 64
1765235508558 0.030369307326776136 65
1765235508576 0.028239856370815768 66
1765235508593 0.0696814949519204 67
1765235508612 0.035267506887141926 68
1765235508629 0.03315350815961908 69
1765235508648 0.021315793964584686 70
1765235508669 0.020426702790690542 71
1765235508687 0.015534093692772706 72
1765235508706 0.013161692014699312 73
1765235508728 0.021911113088796463 74
1765235508750 0.018041802698018073 75
1765235508769 0.0273186327483421 76
1765235508786 0.022998754789394543 77
1765235508803 0.017817042207807526 78
1765235508821 0.017975190164227235 79
1765235508840 0.02982995625326228 80
1765235508858 0.01380978025411977 81
1765235508877 0.009574670652697858 82
1765235508900 0.009541099744015619 83
1765235508921 0.014046062137651489 84
1765235508939 0.021547216221802216 85
1765235508957 0.016922191069006248 86
1765235508976 0.021749164744567378 87
1765235508995 0.026777133661150736 88
1765235509015 0.006940536060951706 89
1765235509035 0.007803173329378303 90
1765235509053 0.02350568457653648 91
1765235509073 0.014082069025564015 92
1765235509092 0.0133454050200018 93
1765235509112 0.006419612401116051 94
1765235509135 0.041220960410353835 95
1765235509157 0.017339178220950123 96
1765235509177 0.007898515699557344 97
1765235509196 0.021944880994961113 98
1765235509218 0.032243193310153274 99
1765235509240 0.017713387309235724 100
1765235509260 0.009498752269340693 101
1765235509277 0.02656009382589307 102
1765235509295 0.018161957789408534 103
1765235509316 0.005694661002354066 104
1765235509333 0.010503026439731283 105
1765235509354 0.032843020756876 106
1765235509373 0.019666018146545367 107
1765235509393 0.01047527419116096 108
1765235509413 0.045166961060962955 109
1765235509436 0.03495524289905745 110
1765235509456 0.00348695277943647 111
1765235509475 0.006563231732374183 112
1765235509495 0.006920044891592255 113
1765235509515 0.007035627103361644 114
1765235509535 0.0072460867476796635 115
1765235509552 0.016039966290494555 116
1765235509575 0.03342395925656297 117
1765235509593 0.008120771284645747 118
1765235509614 0.010438819695964344 119
1765235509637 0.005340769467700301 120
1765235509655 0.014657075432684625 121
1765235509676 0.0028904623737562225 122
1765235509696 0.02094146554862478 123
1765235509716 0.01155400086856006 124
1765235509738 0.006824881153940959 125
1765235509757 0.019485552658465223 126
1765235509776 0.01639960798097046 127
1765235509796 0.036355343468848764 128
1765235509816 0.030084542229883653 129
1765235509835 0.005767324093499053 130
1765235509853 0.004927250609165968 131
1765235509871 0.005487352490593168 132
1765235509890 0.006161357231938834 133
1765235509910 0.007953119994652338 134
1765235509933 0.0064010828623156015 135
1765235509956 0.019665659793925688 136
1765235509980 0.013478924418778572 137
1765235509998 0.021085114298822514 138
1765235510019 0.006109732319081169 139
1765235510039 0.008733194855766553 140
1765235510057 0.0022852013913452402 141
1765235510078 0.005933645697786732 142
1765235510097 0.003596148991089006 143
1765235510119 0.005820974346978548 144
1765235510144 0.006888705424919459 145
1765235510167 0.005038620772792545 146
1765235510189 0.007229353654794868 147
