1765233809429 1.0734010558379323 1
1765233809457 0.983783281387243 2
1765233809483 0.8886499512464481 3
1765233809511 0.8193892240524292 4
1765233809538 0.7149518203914613 5
1765233809567 0.6426759160550913 6
1765233809595 0.5495417109109405 7
1765233809624 0.47209271183587553 8
1765233809652 0.387008871126892 9
1765233809680 0.34097915753386077 10
1765233809705 0.27946295460363973 11
1765233809729 0.24120063418732549 12
1765233809753 0.21601302552043944 13
1765233809781 0.17041523485703575 14
1765233809810 0.14157585513995105 15
1765233809838 0.1439314212902148 16
1765233809873 0.11873040577970949 17
1765233809903 0.11920500966839324 18
1765233809935 0.09432602144385639 19
1765233809965 0.08887983270381626 20
1765233809994 0.06602485899470355 21
1765233810018 0.06979171584423323 22
1765233810052 0.07294948987270657 23
1765233810082 0.04745250622412764 24
1765233810114 0.0582671303834234 25
1765233810147 0.05100881067433752 26
1765233810182 0.05134433157798043 27
1765233810213 0.04635586197438993 28
1765233810247 0.04055648302323276 29
1765233810281 0.03486645737088712 30
1765233810314 0.04155696927100644 31
1765233810347 0.050443620736101515 32
1765233810374 0.02964984528244214 33
1765233810404 0.0335070752692794 34
1765233810433 0.03090409678582074 35
1765233810465 0.031781443933907305 36
1765233810497 0.023404510905335945 37
1765233810526 0.018779739107292397 38
1765233810553 0.02179986927518271 39
1765233810581 0.024948211241499485 40
1765233810609 0.01732485776476534 41
1765233810638 0.017587430365523675 42
1765233810671 0.017361785348196674 43
1765233810696 0.018150244324811195 44
1765233810720 0.015634766275665367 45
1765233810747 0.014600283322292134 46
1765233810776 0.01933753098837359 47
1765233810805 0.020769521461001465 48
1765233810833 0.017379590821333397 49
1765233810860 0.012798049588708725 50
1765233810887 0.01418352087511492 51
1765233810914 0.012627442682484039 52
1765233810944 0.010679223619776084 53
1765233810973 0.013662029532811962 54
1765233810999 0.011675377369375158 55
1765233811024 0.011845917223875685 56
1765233811052 0.009586118732375982 57
1765233811083 0.0161498713398333 58
1765233811112 0.008562936426553511 59
1765233811141 0.010333823134660497 60
1765233811170 0.016371490449567597 61
1765233811199 0.01031907781069272 62
1765233811228 0.00968514259771577 63
1765233811253 0.008854518784560207 64
1765233811286 0.008364189972862937 65
1765233811318 0.008658289299276482 66
1765233811347 0.010362450604123953 67
1765233811375 0.00948146872985688 68
1765233811402 0.00885769899206278 69
1765233811437 0.012645770513795708 70
1765233811462 0.0068767116636149865 71
1765233811487 0.006149530563069354 72
1765233811519 0.00968868550459357 73
1765233811548 0.0064390432890469584 74
1765233811578 0.004838204174127458 75
1765233811604 0.008033968352439596 76
1765233811631 0.02121921356669382 77
1765233811665 0.005409002534719534 78
1765233811691 0.016248143147642172 79
1765233811717 0.005983127600336587 80
1765233811745 0.004879020779442631 81
1765233811772 0.00533826786786654 82
1765233811797 0.00728927891967552 83
1765233811826 0.004294293759306683 84
1765233811852 0.004259040169557906 85
1765233811881 0.004276360852531809 86
1765233811910 0.004407390497390293 87
1765233811935 0.0037568622807923114 88
1765233811966 0.003105700915833389 89
1765233811994 0.0030711512580247863 90
1765233812022 0.004797194118824213 91
1765233812049 0.006313007315743323 92
1765233812076 0.005468120484672403 93
1765233812100 0.003054198044281334 94
1765233812126 0.004773651545559217 95
1765233812158 0.0062909056625111886 96
1765233812197 0.007660213265527754 97
1765233812233 0.002253608118140496 98
1765233812267 0.004292163206614498 99
1765233812296 0.0022760285480347064 100
1765233812321 0.0016771752432937763 101
1765233812355 0.0020358660923583166 102
1765233812392 0.0034110936602311476 103
1765233812424 0.0023323309194660724 104
1765233812455 0.0038482344926411946 105
1765233812486 0.003052566448205564 106
1765233812517 0.0030457469377810262 107
1765233812549 0.0027639295494873636 108
1765233812579 0.002183137332873517 109
1765233812614 0.005756569496720077 110
1765233812643 0.0029173151798252213 111
1765233812689 0.0014416046580212204 112
