1765234896780 0.8710639926051735 1
1765234896827 0.1478350452686611 2
1765234896863 0.1271475289998724 3
1765234896909 0.08704624447229325 4
1765234896952 0.015000834504380486 5
1765234896993 0.003083266511833456 6
1765234897028 0.013109202940267321 7
1765234897068 0.005125275672358647 8
1765234897120 0.01954938000754306 9
1765234897173 0.006161491926599739 10
1765234897228 0.07158745912658246 11
1765234897278 0.0006562048095511649 12
1765234897325 0.001554310421646969 13
1765234897373 0.009599054612661527 14
1765234897425 0.07622802201606312 15
1765234897470 0.018461534703951708 16
1765234897516 0.039690258776068334 17
1765234897549 0.020851994409648984 18
1765234897585 0.07605227759369225 19
1765234897619 0.011835356869786344 20
1765234897660 0.0001897204567550462 21
1765234897695 0.0009645887172147505 22
1765234897740 0.00018949210203800249 23
1765234897787 0.007307316274184478 24
1765234897829 0.00010810428981275926 25
1765234897871 0.0003799435817131609 26
1765234897905 0.042644373699562095 27
1765234897938 0.00029615238387871895 28
1765234897975 0.016530863781399716 29
1765234898015 0.005059085815135309 30
1765234898055 0.0008153647473128396 31
1765234898090 0.0005210487186621876 32
1765234898126 5.7155775282678534e-05 33
1765234898161 0.00017273726106138479 34
1765234898201 0.053000826093632984 35
1765234898242 0.0001615885156934874 36
1765234898281 0.013919706131357694 37
1765234898328 0.0019164967013927967 38
1765234898363 0.00011048048417052207 39
1765234898402 8.592068834141977e-05 40
1765234898445 3.0016176317655007e-05 41
1765234898485 5.2313636459723424e-05 42
1765234898529 0.0007316157143235134 43
1765234898574 0.0003435476272061676 44
1765234898625 0.0019009770683997946 45
1765234898664 1.764695120848022e-05 46
1765234898705 3.8403951403570934e-05 47
1765234898759 0.00018909599637360354 48
1765234898801 0.0001084709158141234 49
1765234898850 0.0001705937299924775 50
1765234898895 3.105848000093776e-05 51
1765234898934 0.017614450641993927 52
1765234898979 7.382102139856277e-05 53
1765234899026 0.0002352827184783211 54
1765234899070 7.563169146494961e-06 55
1765234899117 9.363693183346806e-05 56
1765234899154 0.0030249335138705646 57
1765234899206 1.9493842546196052e-06 58
1765234899273 9.98867245946309e-05 59
1765234899316 1.0338342376987958e-05 60
1765234899349 0.00010540262895263272 61
1765234899384 8.306567047051365e-05 62
1765234899418 9.129582660064091e-05 63
1765234899450 2.3012891473662423e-05 64
1765234899483 3.9975200169955744e-07 65
1765234899515 1.2284659949808502e-05 66
1765234899554 7.949656603964594e-06 67
1765234899589 1.3668309988329588e-05 68
1765234899626 2.0674913591043642e-05 69
1765234899661 8.062290741263137e-06 70
1765234899696 1.170270070686745e-05 71
1765234899731 1.0628376430530434e-05 72
1765234899768 1.9421692789350367e-06 73
1765234899800 8.815481982809498e-06 74
1765234899837 4.8392114025584575e-05 75
1765234899869 2.3931212788873834e-07 76
1765234899903 0.0010259440578803264 77
1765234899944 0.00042402844641069233 78
1765234899979 3.553458119874032e-06 79
1765234900026 4.16276426013316e-06 80
1765234900068 0.00012659818878749514 81
1765234900112 9.186737094154509e-07 82
1765234900160 2.0875289590639252e-05 83
1765234900202 4.185718526136576e-07 84
1765234900243 1.617521771512335e-05 85
1765234900275 2.453825949437504e-06 86
1765234900309 3.2426022992441052e-06 87
1765234900343 4.3098761120164364e-06 88
1765234900381 4.3201754565382004e-07 89
1765234900418 1.5092635888393495e-06 90
1765234900458 2.7695791703806204e-07 91
1765234900490 2.0299936748471337e-05 92
1765234900520 0.02980625090918525 93
1765234900551 0.08827025777785703 94
1765234900590 2.57401506403812e-05 95
1765234900633 0.0022951383952940596 96
1765234900670 1.5263477093970124e-06 97
1765234900705 6.542923954880382e-07 98
1765234900741 7.858860058557892e-06 99
1765234900779 0.00017296221612559193 100
1765234900811 2.3359155166535583e-05 101
1765234900848 3.2625486809399803e-07 102
1765234900892 3.730017423352269e-06 103
1765234900931 0.0004259927233128682 104
1765234900972 8.738611020695808e-07 105
1765234901004 4.092008045023947e-06 106
1765234901045 8.873443381577787e-08 107
1765234901087 6.973077111082691e-07 108
1765234901122 2.3938556231379543e-05 109
1765234901163 4.929697520370418e-08 110
1765234901202 5.019334393732846e-08 111
1765234901242 6.838754296423806e-07 112
1765234901274 3.379060145609975e-07 113
1765234901306 0.00013430765346811313 114
1765234901342 1.481870228186172e-05 115
1765234901376 2.088393863122073e-07 116
1765234901416 3.395742573969003e-05 117
1765234901450 1.6607590246645775e-06 118
