1765234904675 1.061629203029145 1
1765234904689 1.0524536658050423 2
1765234904704 1.0308680220654136 3
1765234904720 0.9969520246175895 4
1765234904737 0.9656815788799659 5
1765234904752 0.9552241079789355 6
1765234904767 0.9256268793478944 7
1765234904786 0.9008741190558985 8
1765234904807 0.8580271785420582 9
1765234904825 0.8359948468387575 10
1765234904842 0.8101325214357304 11
1765234904862 0.7564654027609 12
1765234904880 0.7376015190791366 13
1765234904896 0.697266389552812 14
1765234904915 0.6871170894543928 15
1765234904933 0.6302875441716129 16
1765234904949 0.5926011406389394 17
1765234904971 0.5800031280159054 18
1765234904991 0.5104315731310307 19
1765234905008 0.4825058902116646 20
1765234905025 0.45486615833483246 21
1765234905042 0.43721077451132295 22
1765234905064 0.4038354617760594 23
1765234905085 0.35892072656100854 24
1765234905101 0.342441261262822 25
1765234905119 0.3098740842109336 26
1765234905142 0.2834925047661129 27
1765234905164 0.27482373956450845 28
1765234905184 0.24572853161428207 29
1765234905206 0.23880737969525775 30
1765234905223 0.22295088998805312 31
1765234905242 0.23698904034786655 32
1765234905261 0.16585200868154826 33
1765234905279 0.1741180101171472 34
1765234905297 0.18681601765460537 35
1765234905316 0.149777821972406 36
1765234905335 0.1617039799466169 37
1765234905351 0.15854778208006592 38
1765234905371 0.15458333918026515 39
1765234905389 0.12950562604499938 40
1765234905405 0.13700185548093982 41
1765234905421 0.12958090970838876 42
1765234905435 0.11877871422391188 43
1765234905455 0.12608024332308232 44
1765234905471 0.09859525938903478 45
1765234905489 0.09879836987676029 46
1765234905505 0.09140826251945998 47
1765234905519 0.09234793775511864 48
1765234905533 0.07904664118935291 49
1765234905549 0.10231822561052509 50
1765234905565 0.10757753801973242 51
1765234905580 0.0940047759086566 52
1765234905597 0.09464685361188158 53
1765234905613 0.07607381521983254 54
1765234905629 0.06851771227399209 55
1765234905647 0.08765047609357905 56
1765234905665 0.07245211028739025 57
1765234905683 0.0629490219280684 58
1765234905701 0.0735488255557261 59
1765234905717 0.054323594709088034 60
1765234905731 0.08090216845722127 61
1765234905748 0.06818535498210362 62
1765234905767 0.06874020878029496 63
1765234905788 0.05871458651315897 64
1765234905809 0.0658998906724435 65
1765234905826 0.05438356781448413 66
1765234905843 0.045381963921752866 67
1765234905861 0.05808031930119023 68
1765234905879 0.056501958267133036 69
1765234905896 0.042362960391586886 70
1765234905913 0.043000096217133944 71
1765234905930 0.040655442422493956 72
1765234905946 0.051867580167332984 73
1765234905962 0.04971355115784738 74
1765234905978 0.04627044375677754 75
1765234905995 0.04822802369979987 76
1765234906011 0.05501502766308928 77
1765234906026 0.039249393262697344 78
1765234906042 0.04053676576542675 79
1765234906055 0.039488137307527815 80
1765234906069 0.03443827357185178 81
1765234906082 0.03950821003295425 82
1765234906095 0.060390189934269825 83
1765234906110 0.046451483741122526 84
1765234906125 0.03175663780000873 85
1765234906140 0.033307593995075026 86
1765234906154 0.040599982317228965 87
1765234906171 0.02522059997781775 88
1765234906186 0.02398927182071191 89
1765234906204 0.03850671556547172 90
1765234906221 0.029127358367904685 91
1765234906236 0.02851541043448269 92
1765234906253 0.03877606812892552 93
1765234906268 0.01986193835308173 94
1765234906284 0.03841686472856909 95
1765234906298 0.028025246974556967 96
1765234906313 0.023455334589221423 97
1765234906330 0.025908110064587424 98
