1765235469965 1.0263318867611706 1
1765235469979 0.7937915746430705 2
1765235469991 0.55435320802201 3
1765235470002 0.3248175534986912 4
1765235470013 0.16692339385250457 5
1765235470024 0.10781299944658924 6
1765235470034 0.07311305674003031 7
1765235470044 0.04676900720013712 8
1765235470054 0.035976816732016276 9
1765235470064 0.027876227250308694 10
1765235470075 0.017302910891830697 11
1765235470084 0.01464132918395046 12
1765235470096 0.00993311979555826 13
1765235470107 0.0157856466108583 14
1765235470116 0.006662190426141024 15
1765235470126 0.003875067750783287 16
1765235470137 0.00928346689569911 17
1765235470148 0.0042520524212684395 18
1765235470158 0.003885959619060999 19
1765235470168 0.002779804586775993 20
1765235470178 0.003934159018869575 21
1765235470191 0.0035367593732907585 22
1765235470202 0.004388353885396531 23
1765235470212 0.0027352295554666675 24
1765235470225 0.003804620930441844 25
1765235470236 0.0019487387087560237 26
1765235470248 0.002255431103740672 27
1765235470260 0.0019491461746366625 28
1765235470273 0.0012167711176338809 29
1765235470283 0.0018709741919686583 30
1765235470299 0.002303793656449814 31
1765235470315 0.0016175444129350265 32
1765235470331 0.0011889669717914473 33
1765235470346 0.0024037525001640767 34
1765235470362 0.0008745422770940573 35
1765235470377 0.00062508662506987 36
1765235470391 0.000886995170184033 37
1765235470407 0.0008409748235069692 38
1765235470420 0.0012106425636553002 39
1765235470479 0.0017997397161659471 40
1765235470507 0.0009323924455920382 41
1765235470534 0.0010977673683056426 42
1765235470553 0.001205618752129866 43
1765235470569 0.0005122684975175705 44
1765235470585 0.0006042798767496544 45
1765235470601 0.0004485723407673217 46
1765235470616 0.0008296167814519425 47
1765235470635 0.00041494330897213035 48
1765235470655 0.0009440815186082505 49
1765235470668 0.00043100641696377747 50
