1765234879576 0.49700826473702164 1
1765234879596 0.0863702025814192 2
1765234879618 0.03464655765320027 3
1765234879636 0.032302735205319594 4
1765234879654 0.026007807099337418 5
1765234879675 0.028265658874568857 6
1765234879694 0.021560509447568564 7
1765234879713 0.007829895718447702 8
1765234879733 0.004900897177780061 9
1765234879755 0.008526287778828615 10
1765234879775 0.0151133015555169 11
1765234879794 0.0031907895432883187 12
1765234879814 0.00796789663259108 13
1765234879836 0.0021471197975543852 14
1765234879856 0.023440469672800134 15
1765234879874 0.0077661577171993556 16
1765234879894 0.00510472719548502 17
1765234879918 0.0008385025400929223 18
1765234879936 0.004358408662580716 19
1765234879954 0.0015949854298930876 20
1765234879974 0.005212631502245199 21
1765234879995 0.0019110234520086035 22
1765234880016 0.0003727767981402401 23
1765234880035 0.0008745729049641019 24
1765234880058 0.0006753612209909729 25
1765234880080 0.0004459380509622423 26
1765234880104 0.0013667928884880305 27
1765234880128 0.004131537393451917 28
1765234880150 0.001441137682209764 29
1765234880169 0.0007404845990888298 30
1765234880187 0.0010639532770381837 31
1765234880208 0.0003195350051866722 32
1765234880226 0.00030346404357834745 33
1765234880248 0.0003564819357140693 34
1765234880275 0.0010043155925967924 35
1765234880299 0.0010495306745915993 36
1765234880326 0.0013649808925927068 37
1765234880347 0.0004851074988968855 38
1765234880366 0.0004584248889520146 39
1765234880384 0.0001539063847645325 40
1765234880407 0.0003824182107092354 41
1765234880428 0.0006892962418143205 42
1765234880448 0.00038109473699731274 43
1765234880470 0.0009206575084949451 44
