1765234870394 1.0263318867611706 1
1765234870406 0.7937915746430705 2
1765234870417 0.55435320802201 3
1765234870428 0.3248175534986912 4
1765234870441 0.16692339385250457 5
1765234870452 0.10781299944658924 6
1765234870463 0.07311305674003031 7
1765234870475 0.04676900720013712 8
1765234870485 0.035976816732016276 9
1765234870497 0.027876227250308694 10
1765234870510 0.017302910891830697 11
1765234870521 0.01464132918395046 12
1765234870533 0.00993311979555826 13
1765234870547 0.0157856466108583 14
1765234870560 0.006662190426141024 15
1765234870570 0.003875067750783287 16
1765234870582 0.00928346689569911 17
1765234870596 0.0042520524212684395 18
1765234870608 0.003885959619060999 19
1765234870621 0.002779804586775993 20
1765234870636 0.003934159018869575 21
1765234870653 0.0035367593732907585 22
1765234870667 0.004388353885396531 23
1765234870682 0.0027352295554666675 24
1765234870695 0.003804620930441844 25
1765234870709 0.0019487387087560237 26
1765234870721 0.002255431103740672 27
1765234870734 0.0019491461746366625 28
1765234870746 0.0012167711176338809 29
1765234870761 0.0018709741919686583 30
1765234870772 0.002303793656449814 31
1765234870784 0.0016175444129350265 32
1765234870794 0.0011889669717914473 33
1765234870805 0.0024037525001640767 34
1765234870815 0.0008745422770940573 35
1765234870827 0.00062508662506987 36
1765234870839 0.000886995170184033 37
1765234870849 0.0008409748235069692 38
1765234870861 0.0012106425636553002 39
1765234870873 0.0017997397161659471 40
1765234870884 0.0009323924455920382 41
1765234870897 0.0010977673683056426 42
1765234870910 0.001205618752129866 43
1765234870921 0.0005122684975175705 44
1765234870930 0.0006042798767496544 45
1765234870939 0.0004485723407673217 46
1765234870949 0.0008296167814519425 47
1765234870958 0.00041494330897213035 48
1765234870968 0.0009440815186082505 49
1765234870979 0.00043100641696377747 50
