1765233799706 0.49700826473702164 1
1765233799727 0.0863702025814192 2
1765233799748 0.03464655765320027 3
1765233799767 0.032302735205319594 4
1765233799785 0.026007807099337418 5
1765233799804 0.028265658874568857 6
1765233799825 0.021560509447568564 7
1765233799847 0.007829895718447702 8
1765233799869 0.004900897177780061 9
1765233799890 0.008526287778828615 10
1765233799910 0.0151133015555169 11
1765233799930 0.0031907895432883187 12
1765233799949 0.00796789663259108 13
1765233799970 0.0021471197975543852 14
1765233799992 0.023440469672800134 15
1765233800011 0.0077661577171993556 16
1765233800031 0.00510472719548502 17
1765233800053 0.0008385025400929223 18
1765233800074 0.004358408662580716 19
1765233800092 0.0015949854298930876 20
1765233800114 0.005212631502245199 21
1765233800133 0.0019110234520086035 22
1765233800155 0.0003727767981402401 23
1765233800177 0.0008745729049641019 24
1765233800198 0.0006753612209909729 25
1765233800218 0.0004459380509622423 26
1765233800240 0.0013667928884880305 27
1765233800258 0.004131537393451917 28
1765233800276 0.001441137682209764 29
1765233800296 0.0007404845990888298 30
1765233800317 0.0010639532770381837 31
1765233800348 0.0003195350051866722 32
1765233800372 0.00030346404357834745 33
1765233800399 0.0003564819357140693 34
1765233800422 0.0010043155925967924 35
1765233800443 0.0010495306745915993 36
1765233800464 0.0013649808925927068 37
1765233800485 0.0004851074988968855 38
1765233800507 0.0004584248889520146 39
1765233800532 0.0001539063847645325 40
1765233800559 0.0003824182107092354 41
1765233800585 0.0006892962418143205 42
1765233800610 0.00038109473699731274 43
1765233800637 0.0009206575084949451 44
