1765279293079 0.7122207922594888 1
1765279293091 0.13837536208723722 2
1765279293107 0.05942499581934478 3
1765279293121 0.032750263810157776 4
1765279293133 0.01358332979506848 5
1765279293149 0.02058853931669006 6
1765279293163 0.03364557371351385 7
1765279293174 0.006101384604895921 8
1765279293187 0.014342697758071782 9
1765279293198 0.011794133771512233 10
1765279293211 0.015582995128498535 11
1765279293224 0.003578611823252146 12
1765279293235 0.0036401041308731933 13
1765279293248 0.012803396446242161 14
1765279293261 0.006645758728093216 15
1765279293276 0.008133545640026241 16
1765279293289 0.0021959228407857673 17
1765279293306 0.009988013505954269 18
1765279293320 0.003280918779117667 19
1765279293333 0.0028413610699980674 20
1765279293349 0.0018552188913944472 21
1765279293361 0.00139802862378503 22
1765279293374 0.0006810567515492579 23
1765279293387 0.0006625992065851175 24
1765279293399 0.00015992390404803735 25
1765279293408 0.0015844349899063154 26
1765279293419 0.01887084803329139 27
1765279293430 0.0011306620978477195 28
1765279293440 0.0029906604326942884 29
1765279293451 0.009591408280473678 30
1765279293462 0.0014597475738789803 31
1765279293472 0.001786913605131242 32
1765279293483 0.0007974164508377179 33
1765279293493 0.0006610872293996994 34
1765279293505 0.0005950945524911964 35
1765279293516 0.0019386437020432624 36
1765279293528 0.00036117742164130907 37
1765279293539 0.0023513553003391635 38
1765279293549 0.0011824749532858999 39
1765279293560 0.0005953066693331822 40
1765279293571 0.0004998034256302224 41
1765279293582 0.006187119494052582 42
1765279293594 0.0007170690442810729 43
1765279293603 0.000475866290990349 44
1765279293615 0.001501276724909069 45
1765279293625 0.0008619867695873617 46
1765279293636 0.000520571684921064 47
1765279293647 0.0004092635080494911 48
1765279293657 0.002485477412587248 49
1765279293668 0.001151235965850826 50
1765279293679 0.00014673007416847139 51
1765279293689 0.0005279238656586862 52
1765279293700 0.00011955828167834228 53
1765279293711 0.0001569896020848974 54
1765279293722 0.00015526949681586295 55
1765279293733 0.001534681769851175 56
1765279293746 0.000974996525069426 57
1765279293756 6.673592787365124e-05 58
1765279293766 0.0005285415665051353 59
1765279293775 0.00026939588242658603 60
1765279293786 0.00015453289901265257 61
1765279293799 0.0004767176429746008 62
1765279293815 0.0002580586526736566 63
1765279293832 0.00015973915550948457 64
1765279293846 0.0001979847066614635 65
1765279293860 0.00030517592742562965 66
1765279293874 0.0005910860136485026 67
1765279293885 0.00016094815411387865 68
1765279293896 0.0003040042973631806 69
1765279293907 0.00013522333088794288 70
1765279293917 0.00029670826912014237 71
1765279293926 0.0008506845372957221 72
1765279293937 0.0005967288096852094 73
1765279293949 0.0001432668991891065 74
1765279293963 0.00012065046875544165 75
1765279293976 0.0001642846417117359 76
1765279293987 6.97606784185216e-05 77
1765279293998 0.00016450139946242497 78
1765279294008 0.0017302732269587765 79
1765279294018 6.559368396261917e-05 80
1765279294028 0.00041148126719666545 81
1765279294040 6.469931821584396e-05 82
1765279294051 2.0775914889943698e-05 83
