1765235493407 1.1532597326694574 1
1765235493435 1.1314795017242432 2
1765235493463 1.0778299686603976 3
1765235493494 1.0409135849852311 4
1765235493528 1.0010397066747336 5
1765235493558 0.9545681028437794 6
1765235493588 0.9309429230546593 7
1765235493619 0.8810477427073887 8
1765235493653 0.8360131983470199 9
1765235493682 0.807255787060673 10
1765235493715 0.7565286110218307 11
1765235493747 0.7321215491545828 12
1765235493777 0.6692866705414048 13
1765235493803 0.6309946865067446 14
1765235493829 0.5767513997572705 15
1765235493855 0.5217470212986595 16
1765235493881 0.5113685780898073 17
1765235493909 0.48049663556249517 18
1765235493936 0.4246558482037451 19
1765235493960 0.41392089773837787 20
1765235493984 0.38377288656127184 21
1765235494011 0.3455428375785512 22
1765235494040 0.3324914776292959 23
1765235494069 0.3044439733476567 24
1765235494104 0.26926973394881515 25
1765235494134 0.25555618230561566 26
1765235494165 0.24125051834529504 27
1765235494201 0.2212391928174442 28
1765235494240 0.20075805877384387 29
1765235494273 0.20475458516214126 30
1765235494306 0.16288105291979654 31
1765235494333 0.1797211016703369 32
1765235494356 0.16457407747892508 33
1765235494382 0.13967929570410484 34
1765235494413 0.1483729341088381 35
1765235494441 0.13860638635723213 36
1765235494465 0.13807511887043938 37
1765235494490 0.12094034260152874 38
1765235494521 0.12158477676094026 39
1765235494548 0.11773133132242619 40
1765235494573 0.1177523625748498 41
1765235494601 0.10800803419118538 42
1765235494631 0.09143521435054622 43
1765235494661 0.09893909976222462 44
1765235494689 0.08252132353477908 45
1765235494714 0.07341610883971803 46
1765235494739 0.07671244764574488 47
1765235494763 0.08925775074421015 48
1765235494798 0.1044770320107166 49
1765235494834 0.07512888317941722 50
1765235494864 0.07588920907530569 51
1765235494894 0.0710443287975806 52
1765235494921 0.06758406030056172 53
1765235494950 0.06459316006630547 54
1765235494976 0.07521272517908785 55
1765235495002 0.05799063177485215 56
1765235495029 0.06731695401713364 57
1765235495056 0.053260993786660354 58
1765235495079 0.05458192390046621 59
1765235495108 0.05500198182250772 60
1765235495147 0.05797065959725165 61
1765235495183 0.049698339313044584 62
1765235495214 0.054309469178543054 63
1765235495243 0.037657277882659344 64
1765235495267 0.033178296024189854 65
1765235495293 0.04525844720577387 66
1765235495318 0.05168098762379329 67
1765235495342 0.04723028566940386 68
1765235495366 0.04814375925781135 69
1765235495392 0.04179377377705466 70
1765235495420 0.03419385678169871 71
1765235495446 0.03651296159714684 72
1765235495472 0.03982757065529214 73
1765235495496 0.033358620395673846 74
1765235495522 0.033503233055983274 75
1765235495549 0.041949358663724776 76
1765235495576 0.02978116800462393 77
1765235495605 0.03221161160057873 78
1765235495636 0.029368988931515162 79
1765235495666 0.03454942566419678 80
1765235495691 0.04121523246841323 81
1765235495721 0.032650313599217204 82
1765235495749 0.026681179509855303 83
1765235495783 0.03655541038378737 84
1765235495817 0.0239588742081384 85
1765235495849 0.03040569174782674 86
1765235495884 0.032401193213418014 87
1765235495919 0.023830550148578964 88
1765235495953 0.025131998093504655 89
1765235495989 0.025328623109910273 90
1765235496025 0.035263386078851114 91
1765235496059 0.020378195281539644 92
1765235496092 0.025265121776470563 93
1765235496119 0.02044684761308862 94
1765235496144 0.022510597034168422 95
1765235496172 0.023342478411146124 96
1765235496201 0.01947892151941034 97
1765235496231 0.01810701164816107 98
1765235496257 0.017820826136416064 99
1765235496283 0.01569329001205532 100
1765235496310 0.020354428062043888 101
1765235496337 0.023561674037149975 102
1765235496364 0.015463038634760935 103
1765235496400 0.02145526974104849 104
1765235496434 0.01502036320087605 105
1765235496463 0.01282450061683592 106
1765235496498 0.018354236059016864 107
1765235496530 0.016331799580414492 108
1765235496564 0.019032296623082312 109
1765235496600 0.012574415625934313 110
1765235496637 0.0196871094552702 111
1765235496677 0.017595413175964712 112
1765235496718 0.027220519501155706 113
1765235496758 0.022884778167240154 114
1765235496787 0.012397506978026683 115
