1765803314185 0.9506986701398864 1
1765803314215 0.40371203915517134 2
1765803314243 0.13466894503024623 3
1765803314271 0.1768979047025953 4
1765803314299 0.09185775313999056 5
1765803314329 0.1554333660327059 6
1765803314362 0.09995394993849804 7
1765803314398 0.0639493333217793 8
1765803314431 0.0597224406638932 9
1765803314466 0.07180098428686772 10
1765803314502 0.17224941888576395 11
1765803314537 0.06493031440383258 12
1765803314575 0.07341426670117064 13
1765803314620 0.02964277315733401 14
1765803314660 0.026524716034563103 15
1765803314709 0.09393169734667574 16
1765803314748 0.10299082469242948 17
1765803314787 0.01772432999264755 18
1765803314824 0.08832490095425469 19
1765803314854 0.07098899478630226 20
1765803314887 0.04409862188617979 21
1765803314921 0.026267736072694003 22
1765803314952 0.007229900093247316 23
1765803314984 0.02077157033412855 24
1765803315013 0.03310034976755832 25
1765803315056 0.028472714590119914 26
1765803315090 0.021881514784314975 27
1765803315135 0.030050270806136672 28
1765803315174 0.02261420188646079 29
1765803315214 0.07951805587197983 30
1765803315252 0.07342913413984727 31
1765803315280 0.0985399408385278 32
1765803315309 0.026497734179278802 33
1765803315338 0.05222766237168389 34
1765803315368 0.03655724451871192 35
1765803315394 0.013014815593356288 36
1765803315424 0.14057550098746135 37
1765803315454 0.02653496610911045 38
1765803315478 0.04977794225300372 39
1765803315506 0.10388150250169806 40
1765803315532 0.09087458945474022 41
1765803315558 0.04040397439545824 42
1765803315585 0.12346394503965286 43
1765803315618 0.05321407956785664 44
1765803315648 0.012825632958835802 45
1765803315674 0.08999557407918118 46
1765803315703 0.06901316597134412 47
1765803315728 0.016336106279766654 48
1765803315754 0.024100844627444298 49
1765803315779 0.02773333069293093 50
1765803315816 0.15440864495856735 51
1765803315845 0.027259800936026056 52
1765803315878 0.030128985905496546 53
1765803315911 0.18338529825669503 54
1765803315941 0.03390913113450134 55
1765803315973 0.037773799387165276 56
1765803316017 0.023302529409148634 57
1765803316049 0.019219616704579227 58
1765803316077 0.04332833281686827 59
1765803316108 0.036728689520067324 60
1765803316139 0.01464164229403657 61
1765803316169 0.062247901255774084 62
1765803316199 0.0473893728657342 63
1765803316231 0.0636329631980427 64
1765803316261 0.05708194862686755 65
1765803316287 0.014053612658118593 66
1765803316316 0.023419011742828132 67
1765803316345 0.03942309341493825 68
1765803316372 0.020402627248613994 69
1765803316405 0.020769957461765232 70
1765803316434 0.014079778231525316 71
1765803316465 0.08333047089982822 72
1765803316492 0.02728627428228733 73
1765803316521 0.07680688774740715 74
1765803316548 0.029288306104157034 75
1765803316576 0.034140431174196954 76
1765803316605 0.03718870672085109 77
1765803316633 0.02265682497696767 78
1765803316662 0.006352201216572145 79
1765803316691 0.025508549558732118 80
1765803316719 0.04089929382253035 81
1765803316750 0.00538637078258937 82
1765803316775 0.06291757491509684 83
1765803316801 0.01582894377886139 84
1765803316826 0.04365899795974693 85
1765803316852 0.014651454032107344 86
1765803316880 0.013227403250745874 87
1765803316904 0.021350074141287523 88
1765803316934 0.007307284618694139 89
1765803316963 0.04008501711861303 90
1765803316992 0.027951471697746512 91
1765803317024 0.022323025795879716 92
1765803317049 0.015605749423632508 93
1765803317076 0.030207444673363313 94
1765803317106 0.049644348516059485 95
1765803317133 0.08741156998369386 96
1765803317158 0.003247853104026118 97
1765803317184 0.023323059376309203 98
1765803317214 0.07505782890081122 99
1765803317243 0.0034768046514487777 100
1765803317272 0.024765062694344885 101
1765803317302 0.06892752316723966 102
1765803317330 0.011415669050904426 103
1765803317358 0.09188966255191244 104
1765803317386 0.04461187625554858 105
1765803317417 0.007736657017518101 106
1765803317444 0.1667533254289439 107
1765803317474 0.024848055628072678 108
1765803317503 0.05372473819025095 109
1765803317529 0.04061701111005052 110
1765803317555 0.02383628950636708 111
1765803317591 0.11936721455167298 112
1765803317627 0.02511028437683841 113
1765803317658 0.0762759889669115 114
1765803317686 0.03704390773534276 115
1765803317712 0.031333446318158986 116
1765803317740 0.19685371928426443 117
1765803317766 0.007237823402674476 118
1765803317794 0.07736895695489109 119
1765803317822 0.07260167193396042 120
1765803317850 0.052578338652672266 121
1765803317885 0.035423941387409945 122
1765803317926 0.04793655355002502 123
1765803317964 0.09209514995540699 124
1765803318001 0.018950806866851258 125
1765803318039 0.048626682812065475 126
1765803318078 0.028847622275866923 127
1765803318112 0.012190757982277318 128
1765803318140 0.025090690033460993 129
1765803318180 0.026870332063129155 130
1765803318213 0.013407606420541939 131
1765803318243 0.06265715744067647 132
1765803318273 0.005995931315640816 133
1765803318301 0.022614960125054415 134
1765803318333 0.02123575810721246 135
1765803318361 0.0462200816812248 136
1765803318389 0.06431805023767527 137
1765803318417 0.033958469624217696 138
1765803318445 0.015682330671025733 139
1765803318474 0.05650391367051137 140
1765803318503 0.004708091666710094 141
