1765279324321 0.8710639926051735 1
1765279324362 0.1478350452686611 2
1765279324408 0.1271475289998724 3
1765279324446 0.08704624447229325 4
1765279324489 0.015000834504380486 5
1765279324534 0.003083266511833456 6
1765279324582 0.013109202940267321 7
1765279324627 0.005125275672358647 8
1765279324681 0.01954938000754306 9
1765279324724 0.006161491926599739 10
1765279324768 0.07158745912658246 11
1765279324807 0.0006562048095511649 12
1765279324853 0.001554310421646969 13
1765279324894 0.009599054612661527 14
1765279324948 0.07622802201606312 15
1765279325032 0.018461534703951708 16
1765279325156 0.039690258776068334 17
1765279325221 0.020851994409648984 18
1765279325279 0.07605227759369225 19
1765279325330 0.011835356869786344 20
1765279325369 0.0001897204567550462 21
1765279325420 0.0009645887172147505 22
1765279325460 0.00018949210203800249 23
1765279325498 0.007307316274184478 24
1765279325540 0.00010810428981275926 25
1765279325583 0.0003799435817131609 26
1765279325624 0.042644373699562095 27
1765279325660 0.00029615238387871895 28
1765279325708 0.016530863781399716 29
1765279325744 0.005059085815135309 30
1765279325784 0.0008153647473128396 31
1765279325826 0.0005210487186621876 32
1765279325866 5.7155775282678534e-05 33
1765279325905 0.00017273726106138479 34
1765279325945 0.053000826093632984 35
1765279325994 0.0001615885156934874 36
1765279326048 0.013919706131357694 37
1765279326084 0.0019164967013927967 38
1765279326123 0.00011048048417052207 39
1765279326164 8.592068834141977e-05 40
1765279326204 3.0016176317655007e-05 41
1765279326246 5.2313636459723424e-05 42
1765279326287 0.0007316157143235134 43
1765279326325 0.0003435476272061676 44
1765279326359 0.0019009770683997946 45
1765279326402 1.764695120848022e-05 46
1765279326442 3.8403951403570934e-05 47
1765279326483 0.00018909599637360354 48
1765279326524 0.0001084709158141234 49
1765279326565 0.0001705937299924775 50
1765279326611 3.105848000093776e-05 51
1765279326651 0.017614450641993927 52
1765279326690 7.382102139856277e-05 53
1765279326733 0.0002352827184783211 54
1765279326774 7.563169146494961e-06 55
1765279326810 9.363693183346806e-05 56
1765279326852 0.0030249335138705646 57
1765279326892 1.9493842546196052e-06 58
1765279326934 9.98867245946309e-05 59
1765279326972 1.0338342376987958e-05 60
1765279327011 0.00010540262895263272 61
1765279327053 8.306567047051365e-05 62
1765279327093 9.129582660064091e-05 63
1765279327131 2.3012891473662423e-05 64
1765279327173 3.9975200169955744e-07 65
1765279327213 1.2284659949808502e-05 66
1765279327253 7.949656603964594e-06 67
1765279327291 1.3668309988329588e-05 68
1765279327332 2.0674913591043642e-05 69
1765279327376 8.062290741263137e-06 70
1765279327418 1.170270070686745e-05 71
1765279327456 1.0628376430530434e-05 72
1765279327495 1.9421692789350367e-06 73
1765279327541 8.815481982809498e-06 74
1765279327603 4.8392114025584575e-05 75
1765279327645 2.3931212788873834e-07 76
1765279327689 0.0010259440578803264 77
1765279327729 0.00042402844641069233 78
1765279327766 3.553458119874032e-06 79
1765279327807 4.16276426013316e-06 80
1765279327864 0.00012659818878749514 81
1765279327918 9.186737094154509e-07 82
1765279327970 2.0875289590639252e-05 83
1765279328022 4.185718526136576e-07 84
1765279328074 1.617521771512335e-05 85
1765279328114 2.453825949437504e-06 86
1765279328150 3.2426022992441052e-06 87
1765279328188 4.3098761120164364e-06 88
1765279328227 4.3201754565382004e-07 89
1765279328268 1.5092635888393495e-06 90
1765279328303 2.7695791703806204e-07 91
1765279328344 2.0299936748471337e-05 92
1765279328387 0.02980625090918525 93
1765279328422 0.08827025777785703 94
1765279328462 2.57401506403812e-05 95
1765279328502 0.0022951383952940596 96
1765279328544 1.5263477093970124e-06 97
1765279328584 6.542923954880382e-07 98
1765279328625 7.858860058557892e-06 99
1765279328666 0.00017296221612559193 100
1765279328706 2.3359155166535583e-05 101
1765279328748 3.2625486809399803e-07 102
1765279328791 3.730017423352269e-06 103
1765279328832 0.0004259927233128682 104
1765279328872 8.738611020695808e-07 105
1765279328913 4.092008045023947e-06 106
1765279328953 8.873443381577787e-08 107
1765279328995 6.973077111082691e-07 108
1765279329041 2.3938556231379543e-05 109
1765279329081 4.929697520370418e-08 110
1765279329119 5.019334393732846e-08 111
1765279329163 6.838754296423806e-07 112
1765279329200 3.379060145609975e-07 113
1765279329238 0.00013430765346811313 114
1765279329278 1.481870228186172e-05 115
1765279329320 2.088393863122073e-07 116
1765279329355 3.395742573969003e-05 117
1765279329397 1.6607590246645775e-06 118
