1765233829598 1.0786052485157673 1
1765233829618 1.0421346031633534 2
1765233829640 1.0078295585804415 3
1765233829660 0.9816992202199492 4
1765233829680 0.9538458276512032 5
1765233829699 0.907520900543471 6
1765233829715 0.886092117854527 7
1765233829731 0.8455121606812441 8
1765233829749 0.8020008788969284 9
1765233829766 0.7636602323754389 10
1765233829783 0.7153309588145492 11
1765233829798 0.6728853041068056 12
1765233829818 0.6393392852374485 13
1765233829840 0.6002955069219259 14
1765233829860 0.5373517969497165 15
1765233829876 0.49678249690765724 16
1765233829893 0.45677086105920317 17
1765233829915 0.40399597193065445 18
1765233829932 0.37819434332668334 19
1765233829950 0.34048500253741903 20
1765233829970 0.3188247958520301 21
1765233829990 0.28907339106825064 22
1765233830009 0.23910233356002578 23
1765233830030 0.21710303941167386 24
1765233830049 0.20786218737301074 25
1765233830069 0.18647892862782442 26
1765233830088 0.16838878208309188 27
1765233830113 0.15570377463236787 28
1765233830137 0.12367484824998039 29
1765233830163 0.137884154691732 30
1765233830189 0.12876343934383608 31
1765233830213 0.12158508430746265 32
1765233830234 0.11977405571623852 33
1765233830255 0.09980670915902558 34
1765233830273 0.0986424624863872 35
1765233830293 0.09960076056028667 36
1765233830314 0.08705235866451622 37
1765233830341 0.086309571239285 38
1765233830356 0.09193510590191174 39
1765233830372 0.06808456355579813 40
1765233830388 0.06122053016845445 41
1765233830405 0.06753098798033438 42
1765233830419 0.056956761733705834 43
1765233830435 0.051429393876315954 44
1765233830449 0.05566482478402611 45
1765233830464 0.06506185787834955 46
1765233830479 0.05022863787423847 47
1765233830493 0.05469560225431184 48
1765233830508 0.0487222782987401 49
1765233830521 0.04253087234788371 50
1765233830534 0.0447500808010424 51
1765233830551 0.043838036855808775 52
1765233830570 0.034411420537985134 53
1765233830586 0.05171889512400542 54
1765233830602 0.03568765389403902 55
1765233830617 0.03071398517691103 56
1765233830630 0.03679924956837991 57
1765233830647 0.032627452472995096 58
1765233830662 0.029595159505374898 59
1765233830677 0.036835939070223866 60
1765233830693 0.03667812888279445 61
1765233830709 0.02753682989150958 62
1765233830723 0.033333853618907075 63
1765233830736 0.025631068400422435 64
1765233830751 0.0317677626932474 65
1765233830769 0.030112172613494602 66
1765233830791 0.036550381304906274 67
1765233830809 0.0282113286911657 68
1765233830825 0.03131598008873599 69
1765233830839 0.02574629969614789 70
1765233830854 0.021012626756402784 71
1765233830869 0.025648736786202324 72
1765233830885 0.021728396037579478 73
1765233830903 0.022892137142108346 74
1765233830918 0.02314845853506174 75
1765233830936 0.01843022576120115 76
1765233830958 0.023983074324135493 77
1765233830978 0.019935539118329387 78
1765233830998 0.018308968586090924 79
1765233831014 0.01898105754832128 80
1765233831029 0.01562540342022938 81
1765233831044 0.016213079417278443 82
1765233831060 0.016355589454069286 83
1765233831075 0.01611877116549732 84
1765233831098 0.01791861510478464 85
1765233831114 0.015679151499013704 86
1765233831130 0.022233976944020593 87
1765233831147 0.015077232302663694 88
1765233831162 0.016803719389560472 89
1765233831178 0.012304663896224553 90
1765233831195 0.011630887883414227 91
1765233831212 0.011459481699350184 92
1765233831227 0.00976402167566961 93
1765233831243 0.013903805042688799 94
1765233831258 0.009109334347951682 95
1765233831273 0.01166426659302604 96
1765233831287 0.011810138625533958 97
1765233831305 0.008746947207369078 98
1765233831323 0.009941204205939644 99
1765233831341 0.0073683940336332285 100
1765233831367 0.009156850292443655 101
1765233831384 0.01047946169580284 102
1765233831401 0.01336123783113365 103
1765233831422 0.009342783319770842 104
1765233831441 0.011039943063169494 105
1765233831463 0.009035701098452722 106
1765233831482 0.008865391667512126 107
1765233831499 0.011122398296392109 108
1765233831520 0.012131964175128624 109
1765233831535 0.01111579600973685 110
1765233831551 0.008183143780867857 111
1765233831566 0.007513002660545639 112
1765233831581 0.006643564622373061 113
1765233831598 0.008261546408547494 114
1765233831614 0.00664369845797861 115
1765233831633 0.007595825878224035 116
1765233831653 0.007697594485112599 117
1765233831670 0.008124140873761442 118
1765233831685 0.009815818561885254 119
1765233831702 0.008691940605430338 120
1765233831717 0.005559072077678712 121
1765233831732 0.006054808442127239 122
1765233831748 0.008602136420436148 123
1765233831766 0.003996009467505759 124
1765233831782 0.004771264781125058 125
1765233831797 0.007894360393817936 126
1765233831814 0.0038410302328604055 127
1765233831831 0.005420316521890629 128
1765233831848 0.008827252775654756 129
1765233831865 0.004113415053947584 130
