1765235513145 1.1537853282197077 1
1765235513159 1.08870856385482 2
1765235513174 1.0517094000837857 3
1765235513191 1.039233516481586 4
1765235513209 0.9757273923185535 5
1765235513228 0.9522167784827096 6
1765235513243 0.9124984853249744 7
1765235513259 0.8602446586565864 8
1765235513277 0.7940476487453719 9
1765235513293 0.7394538799622902 10
1765235513310 0.6920017662801241 11
1765235513327 0.6361362808629086 12
1765235513343 0.5473775285527223 13
1765235513359 0.4972691007126543 14
1765235513374 0.5413933409784073 15
1765235513391 0.42313978546544123 16
1765235513406 0.42154314441788465 17
1765235513424 0.4147561766151199 18
1765235513439 0.39592649300295607 19
1765235513453 0.34744362678742946 20
1765235513468 0.2950932320795561 21
1765235513486 0.28398743361458745 22
1765235513501 0.2871345999209504 23
1765235513517 0.27193800035051835 24
1765235513535 0.24663248176413372 25
1765235513554 0.22175205582962895 26
1765235513571 0.19083996822959498 27
1765235513585 0.21424575267653717 28
1765235513602 0.18357409192319202 29
1765235513624 0.1546691075751656 30
1765235513647 0.17270819806402787 31
1765235513664 0.140916889771483 32
1765235513684 0.14494900496438481 33
1765235513702 0.10783093573159672 34
1765235513720 0.08419305847999745 35
1765235513738 0.11639055071916796 36
1765235513753 0.1519849597199827 37
1765235513770 0.1332910811682617 38
1765235513787 0.08524494948691892 39
1765235513804 0.11300947164234362 40
1765235513821 0.13944674178229688 41
1765235513841 0.0879428603483322 42
1765235513857 0.1104699669027687 43
1765235513874 0.09446327522733158 44
1765235513894 0.09685128378240686 45
1765235513913 0.10328623148283564 46
1765235513933 0.12199305645557806 47
1765235513949 0.1385484381781933 48
1765235513966 0.10432618755595129 49
1765235513984 0.09866592867818094 50
1765235513998 0.06855136342346668 51
1765235514012 0.08089591929675045 52
1765235514027 0.10652060672304683 53
1765235514040 0.05136174516869653 54
1765235514055 0.11770915536952198 55
1765235514071 0.06557686478459746 56
1765235514087 0.08428536377903215 57
1765235514104 0.04991561532567442 58
1765235514119 0.0650129003688357 59
1765235514134 0.05724573589133141 60
1765235514150 0.09657402350602293 61
1765235514164 0.043692534571492525 62
1765235514179 0.057775346730324556 63
1765235514194 0.05252424745183242 64
1765235514211 0.08589220018899839 65
1765235514230 0.058188444124254626 66
1765235514251 0.04032091534507454 67
1765235514274 0.04069550276761945 68
1765235514294 0.02963584122297011 69
1765235514311 0.05648325820614521 70
1765235514329 0.04457770964424861 71
1765235514349 0.03142686199424859 72
1765235514370 0.12145332619372784 73
1765235514391 0.036449730117924344 74
1765235514410 0.05434468087453143 75
1765235514432 0.03643128018182023 76
1765235514448 0.07143084850526393 77
1765235514464 0.052284158859270645 78
1765235514483 0.04945973480554452 79
1765235514502 0.03915546049409427 80
1765235514522 0.07152804658797227 81
1765235514541 0.021202909150966127 82
1765235514559 0.03452901311806942 83
1765235514578 0.0270467536257846 84
1765235514595 0.04182569549552032 85
1765235514613 0.03885684772989804 86
1765235514630 0.027945735666872862 87
1765235514647 0.04733984381016484 88
1765235514664 0.02514482012333233 89
1765235514681 0.11310693053038497 90
1765235514699 0.02159427939669082 91
1765235514718 0.039370857725354064 92
1765235514736 0.031053982275157717 93
1765235514751 0.048072459694362225 94
1765235514768 0.03067497995899136 95
1765235514781 0.02027279487504673 96
1765235514796 0.030276394022026455 97
1765235514812 0.020926098514101432 98
1765235514831 0.07947466271680857 99
1765235514846 0.020277224700916315 100
1765235514861 0.01584944790018995 101
1765235514878 0.039091340576900745 102
1765235514895 0.04775064460989228 103
