1765233786229 0.44329000645600736 1
1765233786254 0.033797145741467124 2
1765233786278 0.07238456466273888 3
1765233786307 0.005990799817076961 4
1765233786334 0.00014666939199087277 5
1765233786363 0.00021878700470592878 6
1765233786395 1.0944368949658828e-05 7
1765233786471 8.157309277754065e-06 8
1765233786507 7.099705769812652e-06 9
1765233786543 5.84759560956285e-06 10
1765233786570 5.088878396222719e-06 11
1765233786593 4.663350529284785e-06 12
1765233786615 4.0281655404477964e-06 13
1765233786636 3.660826945791025e-06 14
1765233786659 3.5246294914872862e-06 15
1765233786684 2.9789599176538992e-06 16
1765233786709 2.7683846361713948e-06 17
1765233786731 2.5407795413933398e-06 18
1765233786754 2.3149609689705657e-06 19
1765233786788 2.1590352005132547e-06 20
1765233786821 1.991455387696492e-06 21
1765233786851 1.8095353050626672e-06 22
1765233786880 1.7754792173483604e-06 23
1765233786910 1.615063215636492e-06 24
1765233786947 1.5093121032014677e-06 25
1765233786993 1.4403042298877358e-06 26
1765233787029 1.3551640755391636e-06 27
1765233787051 1.285258829596428e-06 28
1765233787079 1.2467208706470785e-06 29
1765233787100 1.1696446480697914e-06 30
1765233787122 1.104219450846693e-06 31
1765233787145 1.0629920192594314e-06 32
1765233787171 1.0110094161485308e-06 33
1765233787193 9.60819571607464e-07 34
1765233787217 9.240729032893953e-07 35
1765233787247 8.83741336858628e-07 36
1765233787275 8.460984109828323e-07 37
1765233787303 8.138329928427158e-07 38
1765233787328 7.806710093142525e-07 39
1765233787351 7.501978508147508e-07 40
1765233787374 7.3137606572853e-07 41
1765233787397 6.955251216337424e-07 42
1765233787422 6.749107706255907e-07 43
1765233787445 6.471261485571665e-07 44
1765233787466 6.256155693212096e-07 45
1765233787489 6.112749290602886e-07 46
1765233787512 5.843865503921611e-07 47
1765233787536 5.664608790989678e-07 48
1765233787558 5.521203034279842e-07 49
1765233787579 5.306094758226154e-07 50
1765233787600 5.162689360527384e-07 51
1765233787621 5.019283039657301e-07 52
