1765803327987 1.0673818149064715 1
1765803328027 0.9841149292494121 2
1765803328068 0.8529588252978217 3
1765803328103 0.6388228062848399 4
1765803328151 0.39258015559131937 5
1765803328191 0.24738588705098719 6
1765803328227 0.13398697529744386 7
1765803328266 0.07935483393756519 8
1765803328308 0.07027941638309705 9
1765803328365 0.045518014026819764 10
1765803328411 0.03858107821385663 11
1765803328457 0.023680020207749272 12
1765803328495 0.025597773219241685 13
1765803328535 0.029170741170865336 14
1765803328576 0.010989548063060598 15
1765803328623 0.015607598183424514 16
1765803328675 0.007152996964304519 17
1765803328735 0.010859182792456639 18
1765803328783 0.005071926860579052 19
1765803328828 0.002861397436301791 20
1765803328870 0.004800459440451604 21
1765803328903 0.006298290489458556 22
1765803328951 0.004985452208440853 23
1765803328989 0.010695135396821214 24
1765803329028 0.003995234666644295 25
1765803329065 0.012480993837877912 26
1765803329107 0.002090682304532992 27
1765803329148 0.006875276488743904 28
1765803329183 0.0068675860126031895 29
1765803329216 0.0036574673000373003 30
1765803329252 0.0009896071659247006 31
1765803329284 0.001636970455187576 32
1765803329320 0.0025609033515699175 33
1765803329355 0.0037789106446723935 34
1765803329386 0.003906565823580648 35
1765803329420 0.001808180269388932 36
1765803329455 0.0029422230703434102 37
1765803329488 0.0033866088782904392 38
1765803329519 0.0010057793718130728 39
1765803329553 0.0016534860717234224 40
1765803329586 0.0019139257912643085 41
1765803329621 0.017612473896231922 42
1765803329658 0.0014553911884483152 43
1765803329694 0.02050826421420657 44
1765803329729 0.03967765785309073 45
1765803329762 0.0015717963159884785 46
1765803329798 0.0034802686427439795 47
1765803329834 0.009384060229463205 48
1765803329869 0.0007708053563238311 49
1765803329902 0.0026522649517115716 50
1765803329937 0.0011186300883248197 51
1765803329972 0.0010392883659254661 52
1765803330006 0.001585494611458842 53
1765803330039 0.001194009153270353 54
1765803330075 0.004634047359138634 55
1765803330111 0.0007528831356877279 56
1765803330145 0.00038142861955006274 57
1765803330180 0.0006371138503155614 58
1765803330216 0.00041956013142465195 59
1765803330252 0.016742801735457953 60
1765803330285 0.0009394834290591311 61
1765803330321 0.00020422905342450104 62
1765803330353 0.0031136547754544892 63
1765803330386 0.0011347145038215739 64
1765803330420 0.0003947885116601417 65
1765803330453 0.0005611796399042438 66
1765803330489 0.0004736650407055019 67
1765803330526 0.00422845594645119 68
1765803330559 0.006237138427826366 69
1765803330593 0.002509119019314791 70
1765803330627 0.0012182369665609265 71
1765803330664 0.0026351185490255417 72
1765803330697 0.0005348823493422833 73
1765803330727 0.0009376585462598456 74
1765803330761 0.00032146811732891914 75
1765803330795 0.0005868596324712017 76
1765803330829 0.00020008645661530187 77
1765803330870 0.0009354182625942403 78
1765803330905 0.0004006838259250375 79
1765803330940 0.0002888192499977534 80
1765803330975 0.00030207926848609194 81
1765803331008 0.00025740022108510673 82
1765803331045 0.0002058585957723365 83
1765803331077 0.0003106124094116608 84
1765803331111 0.00010343730913094837 85
1765803331145 0.0002743646961406691 86
1765803331190 0.00025132599100281805 87
1765803331240 0.00014190282829069911 88
1765803331281 0.00022853315728109277 89
1765803331326 0.00838893465400299 90
1765803331361 0.0007998853598007571 91
1765803331395 0.0002554405549388182 92
1765803331430 0.0005269793668377044 93
1765803331474 0.001417595813278696 94
1765803331522 0.0002574834320683267 95
1765803331568 0.0002664286608206683 96
1765803331614 0.0001081725084836386 97
1765803331675 0.00037666929580852334 98
1765803331726 0.0020515946166870663 99
1765803331771 0.00017039033599231565 100
1765803331813 6.515332983712454e-05 101
1765803331848 0.00016866702082237803 102
1765803331884 0.0001125738077783702 103
1765803331917 0.0001554476497458518 104
1765803331957 0.0001092951932260167 105
1765803331994 0.00020973319008186437 106
1765803332026 0.0003106958942259238 107
1765803332057 0.00010557921565068545 108
1765803332093 0.0003964860194110271 109
1765803332124 0.00025886226108509723 110
1765803332158 0.0005731055708340026 111
1765803332193 0.0002591877091186121 112
1765803332227 0.00025027359928524103 113
1765803332262 0.00017449662455580156 114
