1765234912580 1.1537853282197077 1
1765234912594 1.08870856385482 2
1765234912610 1.0517094000837857 3
1765234912626 1.039233516481586 4
1765234912641 0.9757273923185535 5
1765234912656 0.9522167784827096 6
1765234912673 0.9124984853249744 7
1765234912688 0.8602446586565864 8
1765234912701 0.7940476487453719 9
1765234912716 0.7394538799622902 10
1765234912734 0.6920017662801241 11
1765234912753 0.6361362808629086 12
1765234912768 0.5473775285527223 13
1765234912786 0.4972691007126543 14
1765234912800 0.5413933409784073 15
1765234912816 0.42313978546544123 16
1765234912833 0.42154314441788465 17
1765234912851 0.4147561766151199 18
1765234912868 0.39592649300295607 19
1765234912885 0.34744362678742946 20
1765234912900 0.2950932320795561 21
1765234912917 0.28398743361458745 22
1765234912935 0.2871345999209504 23
1765234912951 0.27193800035051835 24
1765234912968 0.24663248176413372 25
1765234912984 0.22175205582962895 26
1765234913000 0.19083996822959498 27
1765234913015 0.21424575267653717 28
1765234913036 0.18357409192319202 29
1765234913057 0.1546691075751656 30
1765234913080 0.17270819806402787 31
1765234913100 0.140916889771483 32
1765234913121 0.14494900496438481 33
1765234913140 0.10783093573159672 34
1765234913156 0.08419305847999745 35
1765234913172 0.11639055071916796 36
1765234913188 0.1519849597199827 37
1765234913203 0.1332910811682617 38
1765234913217 0.08524494948691892 39
1765234913231 0.11300947164234362 40
1765234913248 0.13944674178229688 41
1765234913264 0.0879428603483322 42
1765234913279 0.1104699669027687 43
1765234913295 0.09446327522733158 44
1765234913309 0.09685128378240686 45
1765234913329 0.10328623148283564 46
1765234913347 0.12199305645557806 47
1765234913366 0.1385484381781933 48
1765234913384 0.10432618755595129 49
1765234913399 0.09866592867818094 50
1765234913414 0.06855136342346668 51
1765234913429 0.08089591929675045 52
1765234913445 0.10652060672304683 53
1765234913461 0.05136174516869653 54
1765234913479 0.11770915536952198 55
1765234913496 0.06557686478459746 56
1765234913513 0.08428536377903215 57
1765234913530 0.04991561532567442 58
1765234913547 0.0650129003688357 59
1765234913566 0.05724573589133141 60
1765234913585 0.09657402350602293 61
1765234913600 0.043692534571492525 62
1765234913615 0.057775346730324556 63
1765234913630 0.05252424745183242 64
1765234913651 0.08589220018899839 65
1765234913674 0.058188444124254626 66
1765234913697 0.04032091534507454 67
1765234913717 0.04069550276761945 68
1765234913738 0.02963584122297011 69
1765234913756 0.05648325820614521 70
1765234913778 0.04457770964424861 71
1765234913797 0.03142686199424859 72
1765234913816 0.12145332619372784 73
1765234913838 0.036449730117924344 74
1765234913856 0.05434468087453143 75
1765234913876 0.03643128018182023 76
1765234913893 0.07143084850526393 77
1765234913910 0.052284158859270645 78
1765234913928 0.04945973480554452 79
1765234913946 0.03915546049409427 80
1765234913962 0.07152804658797227 81
1765234913976 0.021202909150966127 82
1765234913991 0.03452901311806942 83
1765234914007 0.0270467536257846 84
1765234914021 0.04182569549552032 85
1765234914034 0.03885684772989804 86
1765234914048 0.027945735666872862 87
1765234914064 0.04733984381016484 88
1765234914082 0.02514482012333233 89
1765234914097 0.11310693053038497 90
1765234914111 0.02159427939669082 91
1765234914126 0.039370857725354064 92
1765234914144 0.031053982275157717 93
1765234914162 0.048072459694362225 94
1765234914180 0.03067497995899136 95
1765234914199 0.02027279487504673 96
1765234914215 0.030276394022026455 97
1765234914229 0.020926098514101432 98
1765234914243 0.07947466271680857 99
1765234914256 0.020277224700916315 100
1765234914270 0.01584944790018995 101
1765234914290 0.039091340576900745 102
1765234914306 0.04775064460989228 103
