1765803310911 0.7122207922594888 1
1765803310929 0.13837536208723722 2
1765803310944 0.05942499581934478 3
1765803310958 0.032750263810157776 4
1765803310973 0.01358332979506848 5
1765803310986 0.02058853931669006 6
1765803311000 0.03364557371351385 7
1765803311014 0.006101384604895921 8
1765803311027 0.014342697758071782 9
1765803311041 0.011794133771512233 10
1765803311054 0.015582995128498535 11
1765803311068 0.003578611823252146 12
1765803311081 0.0036401041308731933 13
1765803311093 0.012803396446242161 14
1765803311104 0.006645758728093216 15
1765803311116 0.008133545640026241 16
1765803311127 0.0021959228407857673 17
1765803311143 0.009988013505954269 18
1765803311156 0.003280918779117667 19
1765803311169 0.0028413610699980674 20
1765803311181 0.0018552188913944472 21
1765803311193 0.00139802862378503 22
1765803311205 0.0006810567515492579 23
1765803311217 0.0006625992065851175 24
1765803311229 0.00015992390404803735 25
1765803311242 0.0015844349899063154 26
1765803311255 0.01887084803329139 27
1765803311268 0.0011306620978477195 28
1765803311280 0.0029906604326942884 29
1765803311290 0.009591408280473678 30
1765803311300 0.0014597475738789803 31
1765803311309 0.001786913605131242 32
1765803311318 0.0007974164508377179 33
1765803311328 0.0006610872293996994 34
1765803311337 0.0005950945524911964 35
1765803311348 0.0019386437020432624 36
1765803311359 0.00036117742164130907 37
1765803311369 0.0023513553003391635 38
1765803311382 0.0011824749532858999 39
1765803311393 0.0005953066693331822 40
1765803311402 0.0004998034256302224 41
1765803311412 0.006187119494052582 42
1765803311422 0.0007170690442810729 43
1765803311431 0.000475866290990349 44
1765803311440 0.001501276724909069 45
1765803311451 0.0008619867695873617 46
1765803311461 0.000520571684921064 47
1765803311471 0.0004092635080494911 48
1765803311481 0.002485477412587248 49
1765803311491 0.001151235965850826 50
1765803311501 0.00014673007416847139 51
1765803311513 0.0005279238656586862 52
1765803311522 0.00011955828167834228 53
1765803311532 0.0001569896020848974 54
1765803311541 0.00015526949681586295 55
1765803311552 0.001534681769851175 56
1765803311563 0.000974996525069426 57
1765803311572 6.673592787365124e-05 58
1765803311586 0.0005285415665051353 59
1765803311606 0.00026939588242658603 60
1765803311624 0.00015453289901265257 61
1765803311638 0.0004767176429746008 62
1765803311654 0.0002580586526736566 63
1765803311668 0.00015973915550948457 64
1765803311681 0.0001979847066614635 65
1765803311694 0.00030517592742562965 66
1765803311706 0.0005910860136485026 67
1765803311720 0.00016094815411387865 68
1765803311735 0.0003040042973631806 69
1765803311746 0.00013522333088794288 70
1765803311758 0.00029670826912014237 71
1765803311773 0.0008506845372957221 72
1765803311785 0.0005967288096852094 73
1765803311796 0.0001432668991891065 74
1765803311807 0.00012065046875544165 75
1765803311817 0.0001642846417117359 76
1765803311827 6.97606784185216e-05 77
1765803311838 0.00016450139946242497 78
1765803311852 0.0017302732269587765 79
1765803311863 6.559368396261917e-05 80
1765803311875 0.00041148126719666545 81
1765803311886 6.469931821584396e-05 82
1765803311898 2.0775914889943698e-05 83
