1765279335647 1.0842844265744203 1
1765279335669 1.065439295948 2
1765279335693 1.0399348655141385 3
1765279335714 1.033540439784975 4
1765279335741 1.0218418433253926 5
1765279335767 0.9749766552358642 6
1765279335792 0.9602107679037223 7
1765279335816 0.9232822943450814 8
1765279335842 0.860963389389497 9
1765279335870 0.809605040048298 10
1765279335898 0.764096818920365 11
1765279335931 0.6718391431005377 12
1765279335958 0.6248691283670583 13
1765279335980 0.5704876148611083 14
1765279336004 0.4920786525073804 15
1765279336025 0.43099774991659295 16
1765279336050 0.36649241752194284 17
1765279336074 0.3267609001998615 18
1765279336102 0.295580216760474 19
1765279336126 0.2682074012612938 20
1765279336151 0.22775949660996744 21
1765279336193 0.17725658259893717 22
1765279336225 0.16673920432427772 23
1765279336264 0.17566706066517004 24
1765279336298 0.1322678726418574 25
1765279336333 0.12785820763810238 26
1765279336377 0.14567851387244418 27
1765279336415 0.140176321554901 28
1765279336444 0.1328455945546914 29
1765279336476 0.10791241799138095 30
1765279336519 0.10550669930819281 31
1765279336541 0.07862520699662373 32
1765279336567 0.08797957305621384 33
1765279336589 0.07908714524841398 34
1765279336614 0.05692673446540546 35
1765279336637 0.06820697925592724 36
1765279336662 0.09072702973240748 37
1765279336686 0.0713431176806527 38
1765279336709 0.06612379137510643 39
1765279336734 0.052946136203503476 40
1765279336755 0.051474098757756666 41
1765279336776 0.0457489734963703 42
1765279336801 0.06388864450548824 43
1765279336823 0.0500980038335897 44
1765279336846 0.05908341082583245 45
1765279336867 0.05063682652159097 46
1765279336888 0.04780057696205445 47
1765279336910 0.05071084529049415 48
1765279336933 0.04440267165576605 49
1765279336957 0.03769864241375511 50
1765279336981 0.04014015990078337 51
1765279337001 0.023934808636742428 52
1765279337022 0.058163735763470926 53
1765279337043 0.03213370137469829 54
1765279337065 0.06371726174103587 55
1765279337087 0.023810666418613347 56
1765279337108 0.027035534826520467 57
1765279337130 0.028101820988874687 58
1765279337151 0.0358093286675394 59
1765279337173 0.044876817410769765 60
1765279337197 0.033623476659781056 61
1765279337220 0.043880755522925606 62
1765279337244 0.02378443119692077 63
1765279337266 0.036774931517534686 64
1765279337287 0.030369307326776136 65
1765279337310 0.028239856370815768 66
1765279337330 0.0696814949519204 67
1765279337356 0.035267506887141926 68
1765279337381 0.03315350815961908 69
1765279337407 0.021315793964584686 70
1765279337430 0.020426702790690542 71
1765279337452 0.015534093692772706 72
1765279337473 0.013161692014699312 73
1765279337493 0.021911113088796463 74
1765279337517 0.018041802698018073 75
1765279337537 0.0273186327483421 76
1765279337560 0.022998754789394543 77
1765279337583 0.017817042207807526 78
1765279337606 0.017975190164227235 79
1765279337628 0.02982995625326228 80
1765279337651 0.01380978025411977 81
1765279337676 0.009574670652697858 82
1765279337702 0.009541099744015619 83
1765279337723 0.014046062137651489 84
1765279337746 0.021547216221802216 85
1765279337768 0.016922191069006248 86
1765279337790 0.021749164744567378 87
1765279337810 0.026777133661150736 88
1765279337832 0.006940536060951706 89
1765279337854 0.007803173329378303 90
1765279337874 0.02350568457653648 91
1765279337898 0.014082069025564015 92
1765279337919 0.0133454050200018 93
1765279337940 0.006419612401116051 94
1765279337961 0.041220960410353835 95
1765279337984 0.017339178220950123 96
1765279338005 0.007898515699557344 97
1765279338025 0.021944880994961113 98
1765279338045 0.032243193310153274 99
1765279338064 0.017713387309235724 100
1765279338087 0.009498752269340693 101
1765279338110 0.02656009382589307 102
1765279338133 0.018161957789408534 103
1765279338152 0.005694661002354066 104
1765279338173 0.010503026439731283 105
1765279338193 0.032843020756876 106
1765279338217 0.019666018146545367 107
1765279338240 0.01047527419116096 108
1765279338265 0.045166961060962955 109
1765279338289 0.03495524289905745 110
1765279338310 0.00348695277943647 111
1765279338332 0.006563231732374183 112
1765279338355 0.006920044891592255 113
1765279338378 0.007035627103361644 114
1765279338402 0.0072460867476796635 115
1765279338424 0.016039966290494555 116
1765279338444 0.03342395925656297 117
1765279338467 0.008120771284645747 118
1765279338489 0.010438819695964344 119
1765279338513 0.005340769467700301 120
1765279338538 0.014657075432684625 121
1765279338567 0.0028904623737562225 122
1765279338595 0.02094146554862478 123
1765279338619 0.01155400086856006 124
1765279338639 0.006824881153940959 125
1765279338659 0.019485552658465223 126
1765279338680 0.01639960798097046 127
1765279338704 0.036355343468848764 128
1765279338727 0.030084542229883653 129
1765279338750 0.005767324093499053 130
1765279338778 0.004927250609165968 131
1765279338806 0.005487352490593168 132
1765279338832 0.006161357231938834 133
1765279338855 0.007953119994652338 134
1765279338878 0.0064010828623156015 135
1765279338899 0.019665659793925688 136
1765279338924 0.013478924418778572 137
1765279338944 0.021085114298822514 138
1765279338966 0.006109732319081169 139
1765279338990 0.008733194855766553 140
1765279339012 0.0022852013913452402 141
1765279339036 0.005933645697786732 142
1765279339069 0.003596148991089006 143
1765279339101 0.005820974346978548 144
1765279339126 0.006888705424919459 145
1765279339156 0.005038620772792545 146
1765279339184 0.007229353654794868 147
