1765279303397 0.49700826473702164 1
1765279303423 0.0863702025814192 2
1765279303456 0.03464655765320027 3
1765279303490 0.032302735205319594 4
1765279303519 0.026007807099337418 5
1765279303544 0.028265658874568857 6
1765279303573 0.021560509447568564 7
1765279303598 0.007829895718447702 8
1765279303627 0.004900897177780061 9
1765279303654 0.008526287778828615 10
1765279303682 0.0151133015555169 11
1765279303707 0.0031907895432883187 12
1765279303732 0.00796789663259108 13
1765279303757 0.0021471197975543852 14
1765279303781 0.023440469672800134 15
1765279303805 0.0077661577171993556 16
1765279303828 0.00510472719548502 17
1765279303853 0.0008385025400929223 18
1765279303879 0.004358408662580716 19
1765279303903 0.0015949854298930876 20
1765279303926 0.005212631502245199 21
1765279303948 0.0019110234520086035 22
1765279303975 0.0003727767981402401 23
1765279304000 0.0008745729049641019 24
1765279304026 0.0006753612209909729 25
1765279304053 0.0004459380509622423 26
1765279304076 0.0013667928884880305 27
1765279304101 0.004131537393451917 28
1765279304140 0.001441137682209764 29
1765279304173 0.0007404845990888298 30
1765279304203 0.0010639532770381837 31
1765279304232 0.0003195350051866722 32
1765279304257 0.00030346404357834745 33
1765279304280 0.0003564819357140693 34
1765279304303 0.0010043155925967924 35
1765279304327 0.0010495306745915993 36
1765279304353 0.0013649808925927068 37
1765279304382 0.0004851074988968855 38
1765279304419 0.0004584248889520146 39
1765279304454 0.0001539063847645325 40
1765279304482 0.0003824182107092354 41
1765279304520 0.0006892962418143205 42
1765279304551 0.00038109473699731274 43
1765279304583 0.0009206575084949451 44
