1765233821415 1.1059037034672903 1
1765233821433 1.0379251734654706 2
1765233821450 1.009124023573739 3
1765233821468 0.9689083426518548 4
1765233821484 0.9446178369952324 5
1765233821500 0.8945736737179577 6
1765233821517 0.8486113929210749 7
1765233821535 0.8070523685082457 8
1765233821551 0.7815935468315182 9
1765233821568 0.7258768404336801 10
1765233821583 0.6593127107261715 11
1765233821598 0.6437467444211917 12
1765233821613 0.5629578223802093 13
1765233821628 0.5070491049970899 14
1765233821645 0.47678072649733466 15
1765233821666 0.43407852824469256 16
1765233821684 0.39012382241120014 17
1765233821704 0.3425785791605039 18
1765233821722 0.33486519092904 19
1765233821737 0.29000542262443024 20
1765233821751 0.25329497770259257 21
1765233821766 0.23769705512918027 22
1765233821784 0.2381553598364493 23
1765233821800 0.2039049891825009 24
1765233821816 0.17956937636647904 25
1765233821831 0.16515833257060303 26
1765233821846 0.14535231832274817 27
1765233821860 0.14807052137260152 28
1765233821877 0.12616417461768129 29
1765233821892 0.16006228260527877 30
1765233821907 0.14279836407841595 31
1765233821925 0.1211755417455408 32
1765233821947 0.12011929696663878 33
1765233821969 0.1039872771423114 34
1765233821993 0.10290422605672725 35
1765233822013 0.08868335484337986 36
1765233822038 0.08756260092097118 37
1765233822061 0.10140322257337489 38
1765233822084 0.07894792609420934 39
1765233822105 0.10153724975827941 40
1765233822128 0.07254152667281547 41
1765233822154 0.07954786729095574 42
1765233822172 0.08020638691303425 43
1765233822193 0.068593972495624 44
1765233822219 0.0665458344287218 45
1765233822241 0.057526668432147654 46
1765233822261 0.04449605999192349 47
1765233822279 0.07540069352415271 48
1765233822296 0.07103311763446134 49
1765233822314 0.05588851993749464 50
1765233822335 0.04961640141288141 51
1765233822353 0.038140410543384407 52
1765233822374 0.03733989128604867 53
1765233822392 0.05634038447213352 54
1765233822408 0.0569939517269009 55
1765233822425 0.031455505163149725 56
1765233822442 0.05211816095095828 57
1765233822457 0.05387840964424396 58
1765233822472 0.0710451178448765 59
1765233822489 0.0425012686422893 60
1765233822505 0.04423886257454865 61
1765233822522 0.03274972711626748 62
1765233822540 0.04716109845759277 63
1765233822557 0.03336854776913734 64
1765233822573 0.04976332025196319 65
1765233822589 0.027150665420804285 66
1765233822605 0.036972606693800626 67
1765233822619 0.028725987090203995 68
1765233822634 0.019724186621886446 69
1765233822650 0.022707646054432803 70
1765233822667 0.023066987549620017 71
1765233822686 0.0346811548281545 72
1765233822701 0.02846331103823911 73
1765233822715 0.023132539232159945 74
1765233822729 0.028865939440359745 75
1765233822744 0.04218506632386742 76
1765233822760 0.021884271188786154 77
1765233822777 0.021933149616409065 78
1765233822796 0.019301261343201974 79
1765233822815 0.018242373574118977 80
1765233822833 0.0295025510153264 81
1765233822850 0.04159630178228805 82
1765233822866 0.020713625909914647 83
1765233822883 0.02570370673657136 84
1765233822898 0.023462796905883272 85
1765233822915 0.02713343645340966 86
1765233822931 0.016478346256343156 87
1765233822948 0.023779727441531822 88
1765233822966 0.029336887330370008 89
1765233822983 0.01611239884636904 90
1765233822999 0.023906561490008256 91
1765233823014 0.0175910074459879 92
1765233823030 0.013674103900005943 93
1765233823045 0.04289497144492273 94
1765233823061 0.026906785660220266 95
1765233823078 0.014820893979596352 96
1765233823097 0.008343637745855446 97
1765233823112 0.020984530965342446 98
1765233823126 0.012315949932777119 99
1765233823140 0.025753129799710235 100
1765233823157 0.007921267655396684 101
1765233823175 0.019261725877124564 102
1765233823194 0.012319710952951047 103
1765233823209 0.017529656200256562 104
1765233823224 0.0058144665029095976 105
1765233823238 0.025096286116237928 106
1765233823251 0.010892594107111594 107
1765233823265 0.008772924556869566 108
1765233823282 0.03821111565693877 109
1765233823298 0.009252135578851054 110
1765233823314 0.01576563631905649 111
1765233823332 0.014161058992175455 112
1765233823350 0.01781574358526421 113
1765233823366 0.009227812444245009 114
1765233823388 0.023400663011322233 115
1765233823407 0.008255247684909884 116
1765233823423 0.009216990798039544 117
1765233823438 0.008587541283174818 118
1765233823455 0.013653982035059454 119
1765233823474 0.017966249467510926 120
1765233823493 0.010775011306680227 121
1765233823511 0.01300506868246064 122
1765233823527 0.011942276946458042 123
1765233823544 0.015159176897145528 124
1765233823560 0.008754478711494826 125
1765233823576 0.01288012629444886 126
1765233823591 0.0115873273707142 127
1765233823605 0.00691534745107804 128
1765233823619 0.024313713682997496 129
1765233823633 0.006673009274877552 130
1765233823648 0.008422254765042126 131
1765233823662 0.006908360487060216 132
1765233823676 0.0058884965115808 133
1765233823692 0.005586222026908956 134
1765233823706 0.008870998922651424 135
1765233823722 0.0067805286384838865 136
1765233823740 0.010438603980998908 137
1765233823756 0.007797735771234322 138
1765233823770 0.011139737865303865 139
1765233823788 0.007560795870665601 140
1765233823803 0.005450038307195851 141
1765233823818 0.006648750246600493 142
1765233823836 0.004584180543031124 143
1765233823856 0.005451317097557555 144
1765233823873 0.007916982248915653 145
1765233823889 0.008617009440687733 146
1765233823903 0.003550299368028466 147
1765233823919 0.02157917156591451 148
1765233823936 0.005241421109093423 149
1765233823949 0.005495011626175584 150
