1765235489622 1.0734010558379323 1
1765235489654 0.983783281387243 2
1765235489688 0.8886499512464481 3
1765235489719 0.8193892240524292 4
1765235489748 0.7149518203914613 5
1765235489782 0.6426759160550913 6
1765235489813 0.5495417109109405 7
1765235489844 0.47209271183587553 8
1765235489875 0.387008871126892 9
1765235489903 0.34097915753386077 10
1765235489936 0.27946295460363973 11
1765235489970 0.24120063418732549 12
1765235489998 0.21601302552043944 13
1765235490034 0.17041523485703575 14
1765235490081 0.14157585513995105 15
1765235490120 0.1439314212902148 16
1765235490161 0.11873040577970949 17
1765235490203 0.11920500966839324 18
1765235490237 0.09432602144385639 19
1765235490277 0.08887983270381626 20
1765235490315 0.06602485899470355 21
1765235490358 0.06979171584423323 22
1765235490412 0.07294948987270657 23
1765235490461 0.04745250622412764 24
1765235490495 0.0582671303834234 25
1765235490533 0.05100881067433752 26
1765235490565 0.05134433157798043 27
1765235490595 0.04635586197438993 28
1765235490622 0.04055648302323276 29
1765235490650 0.03486645737088712 30
1765235490686 0.04155696927100644 31
1765235490712 0.050443620736101515 32
1765235490740 0.02964984528244214 33
1765235490775 0.0335070752692794 34
1765235490810 0.03090409678582074 35
1765235490838 0.031781443933907305 36
1765235490866 0.023404510905335945 37
1765235490893 0.018779739107292397 38
1765235490923 0.02179986927518271 39
1765235490953 0.024948211241499485 40
1765235490978 0.01732485776476534 41
1765235491011 0.017587430365523675 42
1765235491047 0.017361785348196674 43
1765235491076 0.018150244324811195 44
1765235491107 0.015634766275665367 45
1765235491134 0.014600283322292134 46
1765235491165 0.01933753098837359 47
1765235491193 0.020769521461001465 48
1765235491219 0.017379590821333397 49
1765235491243 0.012798049588708725 50
1765235491272 0.01418352087511492 51
1765235491301 0.012627442682484039 52
1765235491329 0.010679223619776084 53
1765235491355 0.013662029532811962 54
1765235491384 0.011675377369375158 55
1765235491414 0.011845917223875685 56
1765235491442 0.009586118732375982 57
1765235491468 0.0161498713398333 58
1765235491492 0.008562936426553511 59
1765235491523 0.010333823134660497 60
1765235491553 0.016371490449567597 61
1765235491579 0.01031907781069272 62
1765235491610 0.00968514259771577 63
1765235491639 0.008854518784560207 64
1765235491664 0.008364189972862937 65
1765235491693 0.008658289299276482 66
1765235491725 0.010362450604123953 67
1765235491755 0.00948146872985688 68
1765235491779 0.00885769899206278 69
1765235491808 0.012645770513795708 70
1765235491836 0.0068767116636149865 71
1765235491861 0.006149530563069354 72
1765235491888 0.00968868550459357 73
1765235491911 0.0064390432890469584 74
1765235491940 0.004838204174127458 75
1765235491970 0.008033968352439596 76
1765235492001 0.02121921356669382 77
1765235492027 0.005409002534719534 78
1765235492057 0.016248143147642172 79
1765235492086 0.005983127600336587 80
1765235492111 0.004879020779442631 81
1765235492138 0.00533826786786654 82
1765235492169 0.00728927891967552 83
1765235492198 0.004294293759306683 84
1765235492228 0.004259040169557906 85
1765235492255 0.004276360852531809 86
1765235492282 0.004407390497390293 87
1765235492309 0.0037568622807923114 88
1765235492337 0.003105700915833389 89
1765235492365 0.0030711512580247863 90
1765235492396 0.004797194118824213 91
1765235492427 0.006313007315743323 92
1765235492460 0.005468120484672403 93
1765235492497 0.003054198044281334 94
1765235492531 0.004773651545559217 95
1765235492563 0.0062909056625111886 96
1765235492607 0.007660213265527754 97
1765235492650 0.002253608118140496 98
1765235492686 0.004292163206614498 99
1765235492718 0.0022760285480347064 100
1765235492746 0.0016771752432937763 101
1765235492776 0.0020358660923583166 102
1765235492805 0.0034110936602311476 103
1765235492835 0.0023323309194660724 104
1765235492864 0.0038482344926411946 105
1765235492889 0.003052566448205564 106
1765235492919 0.0030457469377810262 107
1765235492944 0.0027639295494873636 108
1765235492980 0.002183137332873517 109
1765235493019 0.005756569496720077 110
1765235493058 0.0029173151798252213 111
1765235493094 0.0014416046580212204 112
