1765235467661 0.9322798520998847 1
1765235467680 0.8171594116024505 2
1765235467703 0.7303113318923721 3
1765235467726 0.6341818620387772 4
1765235467765 0.5707467955754215 5
1765235467797 0.5079896082555441 6
1765235467821 0.4518653145410064 7
1765235467844 0.39743669566355255 8
1765235467865 0.3553850529785443 9
1765235467889 0.30825516816816834 10
1765235467914 0.2777472006199055 11
1765235467941 0.24488900489825055 12
1765235467967 0.21084141921728178 13
1765235467995 0.20072708105234274 14
1765235468023 0.18991570757295853 15
1765235468045 0.17314879024835458 16
1765235468065 0.15068233147599644 17
1765235468099 0.13737970288086654 18
1765235468124 0.12708181055976933 19
1765235468146 0.11864543835023292 20
1765235468167 0.11295544524165921 21
1765235468191 0.1000034849446519 22
1765235468212 0.09647598179211293 23
1765235468234 0.08706434524821159 24
1765235468261 0.08867034209626061 25
1765235468284 0.0866080195383918 26
1765235468306 0.08050233839934033 27
1765235468329 0.07626655176842123 28
1765235468354 0.06243085637128443 29
1765235468377 0.06737360982854564 30
1765235468399 0.05338816993862839 31
1765235468437 0.06468684859293744 32
1765235468457 0.05984080638876535 33
1765235468479 0.05167712272614017 34
1765235468505 0.056527355489762204 35
1765235468534 0.05699490240417925 36
1765235468561 0.04748821652431349 37
1765235468589 0.05304672734993965 38
1765235468613 0.04015776365155116 39
1765235468653 0.05127261121078093 40
1765235468680 0.04178205836228186 41
1765235468710 0.04880637794564989 42
1765235468744 0.034608099343521256 43
1765235468771 0.0419718943872398 44
1765235468792 0.03474331459492669 45
1765235468817 0.034354677949892005 46
1765235468844 0.030379930700182467 47
1765235468872 0.03498494667106105 48
1765235468901 0.030922077624197294 49
1765235468930 0.031814499877225184 50
1765235468953 0.03558665521694977 51
1765235468976 0.024372685980752 52
1765235468998 0.028137815839617997 53
1765235469023 0.030291870916507355 54
1765235469046 0.027774248426233914 55
1765235469069 0.025849209468167527 56
1765235469094 0.02403266025581082 57
1765235469122 0.024273283039114642 58
1765235469145 0.021514491976371834 59
1765235469167 0.021789564716076494 60
1765235469193 0.020575563346308872 61
1765235469215 0.022500664969079924 62
1765235469244 0.018525166468540754 63
1765235469279 0.023275635282235935 64
1765235469304 0.01606767703043787 65
1765235469327 0.01482129147402326 66
1765235469355 0.01880557772080253 67
1765235469380 0.01533243321302466 68
1765235469405 0.01848878001416088 69
1765235469423 0.012481739481953079 70
1765235469442 0.01674949953374558 71
1765235469463 0.01327792498724241 72
1765235469482 0.0104091077153676 73
1765235469501 0.013170391212644657 74
