1765233787914 0.9322798520998847 1
1765233787932 0.8171594116024505 2
1765233787950 0.7303113318923721 3
1765233787969 0.6341818620387772 4
1765233787992 0.5707467955754215 5
1765233788010 0.5079896082555441 6
1765233788028 0.4518653145410064 7
1765233788045 0.39743669566355255 8
1765233788063 0.3553850529785443 9
1765233788081 0.30825516816816834 10
1765233788101 0.2777472006199055 11
1765233788124 0.24488900489825055 12
1765233788145 0.21084141921728178 13
1765233788165 0.20072708105234274 14
1765233788183 0.18991570757295853 15
1765233788200 0.17314879024835458 16
1765233788220 0.15068233147599644 17
1765233788242 0.13737970288086654 18
1765233788262 0.12708181055976933 19
1765233788280 0.11864543835023292 20
1765233788299 0.11295544524165921 21
1765233788317 0.1000034849446519 22
1765233788334 0.09647598179211293 23
1765233788354 0.08706434524821159 24
1765233788374 0.08867034209626061 25
1765233788394 0.0866080195383918 26
1765233788414 0.08050233839934033 27
1765233788435 0.07626655176842123 28
1765233788456 0.06243085637128443 29
1765233788478 0.06737360982854564 30
1765233788500 0.05338816993862839 31
1765233788524 0.06468684859293744 32
1765233788544 0.05984080638876535 33
1765233788566 0.05167712272614017 34
1765233788586 0.056527355489762204 35
1765233788611 0.05699490240417925 36
1765233788633 0.04748821652431349 37
1765233788658 0.05304672734993965 38
1765233788682 0.04015776365155116 39
1765233788703 0.05127261121078093 40
1765233788727 0.04178205836228186 41
1765233788747 0.04880637794564989 42
1765233788767 0.034608099343521256 43
1765233788793 0.0419718943872398 44
1765233788817 0.03474331459492669 45
1765233788838 0.034354677949892005 46
1765233788855 0.030379930700182467 47
1765233788877 0.03498494667106105 48
1765233788897 0.030922077624197294 49
1765233788923 0.031814499877225184 50
1765233788942 0.03558665521694977 51
1765233788964 0.024372685980752 52
1765233788984 0.028137815839617997 53
1765233789006 0.030291870916507355 54
1765233789026 0.027774248426233914 55
1765233789047 0.025849209468167527 56
1765233789067 0.02403266025581082 57
1765233789086 0.024273283039114642 58
1765233789108 0.021514491976371834 59
1765233789128 0.021789564716076494 60
1765233789150 0.020575563346308872 61
1765233789172 0.022500664969079924 62
1765233789192 0.018525166468540754 63
1765233789213 0.023275635282235935 64
1765233789235 0.01606767703043787 65
1765233789254 0.01482129147402326 66
1765233789273 0.01880557772080253 67
1765233789294 0.01533243321302466 68
1765233789316 0.01848878001416088 69
1765233789337 0.012481739481953079 70
1765233789360 0.01674949953374558 71
1765233789383 0.01327792498724241 72
1765233789409 0.0104091077153676 73
1765233789437 0.013170391212644657 74
