1765234872357 0.4034874312635651 1
1765234872372 0.04316624518548649 2
1765234872388 0.0031462374480557436 3
1765234872401 0.002142986757995883 4
1765234872415 0.0006721074091284461 5
1765234872433 0.0004103673071446443 6
1765234872446 0.00026055404906996166 7
1765234872460 0.00022476262763250685 8
1765234872473 0.00020729017142413002 9
1765234872485 0.00019137873586348855 10
1765234872497 0.00017849533377440986 11
1765234872510 0.00016702011208351056 12
1765234872523 0.0001562808486193163 13
1765234872534 0.0001506125567298421 14
1765234872546 0.00014632721969864813 15
1765234872558 0.0001363476095095284 16
1765234872569 0.00012627160481828387 17
1765234872580 0.00011958570459163249 18
1765234872591 0.00011109571661156798 19
1765234872601 0.00010647890560637068 20
1765234872613 0.00010074994112361118 21
1765234872624 9.699324849386761e-05 22
1765234872635 9.386250041328945e-05 23
1765234872646 8.807919163557112e-05 24
1765234872658 8.317282805720403e-05 25
1765234872671 7.901004475324338e-05 26
1765234872684 7.50649277253437e-05 27
1765234872696 7.258851686022087e-05 28
1765234872708 6.952520519356275e-05 29
1765234872718 6.681550817154487e-05 30
1765234872730 6.453482085265107e-05 31
1765234872742 6.185627260260263e-05 32
1765234872752 5.9800563813349385e-05 33
1765234872764 5.743618456286175e-05 34
1765234872777 5.5919347899437256e-05 35
1765234872788 5.3851058968356846e-05 36
1765234872806 5.170671264702258e-05 37
1765234872823 5.041800634495658e-05 38
1765234872840 4.859329340235449e-05 39
1765234872857 4.734892302492101e-05 40
1765234872871 4.582268631319788e-05 41
1765234872884 4.393791591029096e-05 42
1765234872899 4.2822767403421514e-05 43
1765234872915 4.147474218664964e-05 44
1765234872930 4.034667607695319e-05 45
1765234872945 3.9327135333647824e-05 46
1765234872964 3.797081778354635e-05 47
1765234872978 3.679168215133092e-05 48
1765234872993 3.5982784887399834e-05 49
1765234873007 3.4707241243986096e-05 50
1765234873019 3.391520266105592e-05 51
1765234873031 3.3109868516995835e-05 52
1765234873043 3.226315410088139e-05 53
1765234873056 3.135183704531177e-05 54
1765234873067 3.059753594482716e-05 55
1765234873081 2.9888801028097706e-05 56
1765234873095 2.834453464000281e-05 57
1765234873111 2.8165552039232417e-05 58
1765234873127 2.7494518614997316e-05 59
1765234873141 2.6775883550972756e-05 60
1765234873152 2.6138761224734153e-05 61
1765234873163 2.5503408043486454e-05 62
1765234873176 2.501492981126714e-05 63
1765234873192 2.4304302841253383e-05 64
1765234873210 2.364121728088574e-05 65
1765234873223 2.312866837898507e-05 66
1765234873239 2.264653142590664e-05 67
1765234873250 2.2179630435775628e-05 68
1765234873261 2.1701097233218253e-05 69
1765234873273 2.1209136375629566e-05 70
1765234873285 2.0772761611015838e-05 71
1765234873300 2.035157580619962e-05 72
1765234873313 1.9909784590285047e-05 73
1765234873326 1.9442072937539307e-05 74
1765234873337 1.9168786807278964e-05 75
1765234873348 1.872077037195342e-05 76
1765234873360 1.838202029160273e-05 77
1765234873374 1.80674923511215e-05 78
1765234873384 1.772611174368977e-05 79
1765234873396 1.7302225114006542e-05 80
1765234873408 1.6977806616900982e-05 81
1765234873418 1.6664169348737607e-05 82
1765234873429 1.6451823319215676e-05 83
1765234873440 1.607995589547773e-05 84
1765234873450 1.5772553948559482e-05 85
1765234873462 1.531471675354309e-05 86
1765234873474 1.5076417845651813e-05 87
1765234873487 1.484880787553553e-05 88
1765234873498 1.4555760708732068e-05 89
1765234873511 1.4316462709371252e-05 90
1765234873522 1.4033256036755051e-05 91
1765234873532 1.3802941211017747e-05 92
