1765235473582 0.9506986701398864 1
1765235473607 0.40371203915517134 2
1765235473630 0.13466894503024623 3
1765235473656 0.1768979047025953 4
1765235473677 0.09185775313999056 5
1765235473701 0.1554333660327059 6
1765235473732 0.09995394993849804 7
1765235473768 0.0639493333217793 8
1765235473795 0.0597224406638932 9
1765235473827 0.07180098428686772 10
1765235473862 0.17224941888576395 11
1765235473899 0.06493031440383258 12
1765235473933 0.07341426670117064 13
1765235473966 0.02964277315733401 14
1765235473999 0.026524716034563103 15
1765235474031 0.09393169734667574 16
1765235474065 0.10299082469242948 17
1765235474098 0.01772432999264755 18
1765235474126 0.08832490095425469 19
1765235474152 0.07098899478630226 20
1765235474179 0.04409862188617979 21
1765235474219 0.026267736072694003 22
1765235474258 0.007229900093247316 23
1765235474296 0.02077157033412855 24
1765235474328 0.03310034976755832 25
1765235474369 0.028472714590119914 26
1765235474405 0.021881514784314975 27
1765235474441 0.030050270806136672 28
1765235474475 0.02261420188646079 29
1765235474510 0.07951805587197983 30
1765235474542 0.07342913413984727 31
1765235474571 0.0985399408385278 32
1765235474599 0.026497734179278802 33
1765235474623 0.05222766237168389 34
1765235474648 0.03655724451871192 35
1765235474674 0.013014815593356288 36
1765235474698 0.14057550098746135 37
1765235474721 0.02653496610911045 38
1765235474743 0.04977794225300372 39
1765235474767 0.10388150250169806 40
1765235474794 0.09087458945474022 41
1765235474823 0.04040397439545824 42
1765235474848 0.12346394503965286 43
1765235474877 0.05321407956785664 44
1765235474906 0.012825632958835802 45
1765235474932 0.08999557407918118 46
1765235474957 0.06901316597134412 47
1765235474983 0.016336106279766654 48
1765235475009 0.024100844627444298 49
1765235475035 0.02773333069293093 50
1765235475063 0.15440864495856735 51
1765235475094 0.027259800936026056 52
1765235475130 0.030128985905496546 53
1765235475162 0.18338529825669503 54
1765235475195 0.03390913113450134 55
1765235475227 0.037773799387165276 56
1765235475260 0.023302529409148634 57
1765235475291 0.019219616704579227 58
1765235475319 0.04332833281686827 59
1765235475345 0.036728689520067324 60
1765235475371 0.01464164229403657 61
1765235475397 0.062247901255774084 62
1765235475425 0.0473893728657342 63
1765235475449 0.0636329631980427 64
1765235475471 0.05708194862686755 65
1765235475492 0.014053612658118593 66
1765235475516 0.023419011742828132 67
1765235475543 0.03942309341493825 68
1765235475567 0.020402627248613994 69
1765235475591 0.020769957461765232 70
1765235475614 0.014079778231525316 71
1765235475640 0.08333047089982822 72
1765235475663 0.02728627428228733 73
1765235475688 0.07680688774740715 74
1765235475712 0.029288306104157034 75
1765235475740 0.034140431174196954 76
1765235475762 0.03718870672085109 77
1765235475783 0.02265682497696767 78
1765235475806 0.006352201216572145 79
1765235475831 0.025508549558732118 80
1765235475859 0.04089929382253035 81
1765235475882 0.00538637078258937 82
1765235475905 0.06291757491509684 83
1765235475926 0.01582894377886139 84
1765235475953 0.04365899795974693 85
1765235475982 0.014651454032107344 86
1765235476010 0.013227403250745874 87
1765235476042 0.021350074141287523 88
1765235476078 0.007307284618694139 89
1765235476114 0.04008501711861303 90
1765235476144 0.027951471697746512 91
1765235476175 0.022323025795879716 92
1765235476204 0.015605749423632508 93
1765235476226 0.030207444673363313 94
1765235476262 0.049644348516059485 95
1765235476292 0.08741156998369386 96
1765235476329 0.003247853104026118 97
1765235476373 0.023323059376309203 98
1765235476412 0.07505782890081122 99
1765235476455 0.0034768046514487777 100
1765235476504 0.024765062694344885 101
1765235476541 0.06892752316723966 102
1765235476575 0.011415669050904426 103
1765235476604 0.09188966255191244 104
1765235476627 0.04461187625554858 105
1765235476653 0.007736657017518101 106
1765235476675 0.1667533254289439 107
1765235476700 0.024848055628072678 108
1765235476725 0.05372473819025095 109
1765235476756 0.04061701111005052 110
1765235476780 0.02383628950636708 111
1765235476809 0.11936721455167298 112
1765235476838 0.02511028437683841 113
1765235476863 0.0762759889669115 114
1765235476890 0.03704390773534276 115
1765235476912 0.031333446318158986 116
1765235476940 0.19685371928426443 117
1765235476965 0.007237823402674476 118
1765235476993 0.07736895695489109 119
1765235477023 0.07260167193396042 120
1765235477053 0.052578338652672266 121
1765235477082 0.035423941387409945 122
1765235477110 0.04793655355002502 123
1765235477136 0.09209514995540699 124
1765235477162 0.018950806866851258 125
1765235477186 0.048626682812065475 126
1765235477211 0.028847622275866923 127
1765235477237 0.012190757982277318 128
1765235477280 0.025090690033460993 129
1765235477337 0.026870332063129155 130
1765235477392 0.013407606420541939 131
1765235477438 0.06265715744067647 132
1765235477473 0.005995931315640816 133
1765235477505 0.022614960125054415 134
1765235477533 0.02123575810721246 135
1765235477563 0.0462200816812248 136
1765235477586 0.06431805023767527 137
1765235477609 0.033958469624217696 138
1765235477631 0.015682330671025733 139
1765235477657 0.05650391367051137 140
1765235477680 0.004708091666710094 141
