1765233816635 0.8710639926051735 1
1765233816671 0.1478350452686611 2
1765233816704 0.1271475289998724 3
1765233816738 0.08704624447229325 4
1765233816786 0.015000834504380486 5
1765233816828 0.003083266511833456 6
1765233816876 0.013109202940267321 7
1765233816919 0.005125275672358647 8
1765233816965 0.01954938000754306 9
1765233817017 0.006161491926599739 10
1765233817056 0.07158745912658246 11
1765233817095 0.0006562048095511649 12
1765233817138 0.001554310421646969 13
1765233817189 0.009599054612661527 14
1765233817227 0.07622802201606312 15
1765233817270 0.018461534703951708 16
1765233817309 0.039690258776068334 17
1765233817343 0.020851994409648984 18
1765233817388 0.07605227759369225 19
1765233817435 0.011835356869786344 20
1765233817475 0.0001897204567550462 21
1765233817520 0.0009645887172147505 22
1765233817562 0.00018949210203800249 23
1765233817608 0.007307316274184478 24
1765233817652 0.00010810428981275926 25
1765233817688 0.0003799435817131609 26
1765233817725 0.042644373699562095 27
1765233817771 0.00029615238387871895 28
1765233817821 0.016530863781399716 29
1765233817867 0.005059085815135309 30
1765233817904 0.0008153647473128396 31
1765233817944 0.0005210487186621876 32
1765233817978 5.7155775282678534e-05 33
1765233818011 0.00017273726106138479 34
1765233818045 0.053000826093632984 35
1765233818081 0.0001615885156934874 36
1765233818120 0.013919706131357694 37
1765233818159 0.0019164967013927967 38
1765233818188 0.00011048048417052207 39
1765233818222 8.592068834141977e-05 40
1765233818263 3.0016176317655007e-05 41
1765233818297 5.2313636459723424e-05 42
1765233818331 0.0007316157143235134 43
1765233818371 0.0003435476272061676 44
1765233818409 0.0019009770683997946 45
1765233818448 1.764695120848022e-05 46
1765233818485 3.8403951403570934e-05 47
1765233818517 0.00018909599637360354 48
1765233818556 0.0001084709158141234 49
1765233818589 0.0001705937299924775 50
1765233818619 3.105848000093776e-05 51
1765233818651 0.017614450641993927 52
1765233818687 7.382102139856277e-05 53
1765233818726 0.0002352827184783211 54
1765233818763 7.563169146494961e-06 55
1765233818798 9.363693183346806e-05 56
1765233818832 0.0030249335138705646 57
1765233818866 1.9493842546196052e-06 58
1765233818901 9.98867245946309e-05 59
1765233818935 1.0338342376987958e-05 60
1765233818975 0.00010540262895263272 61
1765233819012 8.306567047051365e-05 62
1765233819045 9.129582660064091e-05 63
1765233819076 2.3012891473662423e-05 64
1765233819107 3.9975200169955744e-07 65
1765233819136 1.2284659949808502e-05 66
1765233819170 7.949656603964594e-06 67
1765233819205 1.3668309988329588e-05 68
1765233819245 2.0674913591043642e-05 69
1765233819281 8.062290741263137e-06 70
1765233819317 1.170270070686745e-05 71
1765233819350 1.0628376430530434e-05 72
1765233819389 1.9421692789350367e-06 73
1765233819429 8.815481982809498e-06 74
1765233819462 4.8392114025584575e-05 75
1765233819496 2.3931212788873834e-07 76
1765233819538 0.0010259440578803264 77
1765233819574 0.00042402844641069233 78
1765233819612 3.553458119874032e-06 79
1765233819647 4.16276426013316e-06 80
1765233819679 0.00012659818878749514 81
1765233819713 9.186737094154509e-07 82
1765233819745 2.0875289590639252e-05 83
1765233819777 4.185718526136576e-07 84
1765233819808 1.617521771512335e-05 85
1765233819844 2.453825949437504e-06 86
1765233819878 3.2426022992441052e-06 87
1765233819913 4.3098761120164364e-06 88
1765233819948 4.3201754565382004e-07 89
1765233819986 1.5092635888393495e-06 90
1765233820034 2.7695791703806204e-07 91
1765233820080 2.0299936748471337e-05 92
1765233820117 0.02980625090918525 93
1765233820151 0.08827025777785703 94
1765233820191 2.57401506403812e-05 95
1765233820226 0.0022951383952940596 96
1765233820262 1.5263477093970124e-06 97
1765233820306 6.542923954880382e-07 98
1765233820349 7.858860058557892e-06 99
1765233820392 0.00017296221612559193 100
1765233820436 2.3359155166535583e-05 101
1765233820481 3.2625486809399803e-07 102
1765233820529 3.730017423352269e-06 103
1765233820562 0.0004259927233128682 104
1765233820599 8.738611020695808e-07 105
1765233820639 4.092008045023947e-06 106
1765233820674 8.873443381577787e-08 107
1765233820706 6.973077111082691e-07 108
1765233820742 2.3938556231379543e-05 109
1765233820781 4.929697520370418e-08 110
1765233820816 5.019334393732846e-08 111
1765233820849 6.838754296423806e-07 112
1765233820880 3.379060145609975e-07 113
1765233820920 0.00013430765346811313 114
1765233820958 1.481870228186172e-05 115
1765233820995 2.088393863122073e-07 116
1765233821034 3.395742573969003e-05 117
1765233821074 1.6607590246645775e-06 118
