1765235502165 1.1059037034672903 1
1765235502180 1.0379251734654706 2
1765235502197 1.009124023573739 3
1765235502214 0.9689083426518548 4
1765235502229 0.9446178369952324 5
1765235502246 0.8945736737179577 6
1765235502268 0.8486113929210749 7
1765235502287 0.8070523685082457 8
1765235502308 0.7815935468315182 9
1765235502328 0.7258768404336801 10
1765235502345 0.6593127107261715 11
1765235502359 0.6437467444211917 12
1765235502377 0.5629578223802093 13
1765235502409 0.5070491049970899 14
1765235502433 0.47678072649733466 15
1765235502448 0.43407852824469256 16
1765235502466 0.39012382241120014 17
1765235502482 0.3425785791605039 18
1765235502505 0.33486519092904 19
1765235502531 0.29000542262443024 20
1765235502552 0.25329497770259257 21
1765235502573 0.23769705512918027 22
1765235502592 0.2381553598364493 23
1765235502608 0.2039049891825009 24
1765235502624 0.17956937636647904 25
1765235502641 0.16515833257060303 26
1765235502658 0.14535231832274817 27
1765235502676 0.14807052137260152 28
1765235502702 0.12616417461768129 29
1765235502725 0.16006228260527877 30
1765235502748 0.14279836407841595 31
1765235502772 0.1211755417455408 32
1765235502795 0.12011929696663878 33
1765235502821 0.1039872771423114 34
1765235502844 0.10290422605672725 35
1765235502868 0.08868335484337986 36
1765235502894 0.08756260092097118 37
1765235502921 0.10140322257337489 38
1765235502944 0.07894792609420934 39
1765235502962 0.10153724975827941 40
1765235502980 0.07254152667281547 41
1765235503000 0.07954786729095574 42
1765235503018 0.08020638691303425 43
1765235503037 0.068593972495624 44
1765235503055 0.0665458344287218 45
1765235503071 0.057526668432147654 46
1765235503088 0.04449605999192349 47
1765235503104 0.07540069352415271 48
1765235503122 0.07103311763446134 49
1765235503137 0.05588851993749464 50
1765235503158 0.04961640141288141 51
1765235503175 0.038140410543384407 52
1765235503191 0.03733989128604867 53
1765235503206 0.05634038447213352 54
1765235503221 0.0569939517269009 55
1765235503237 0.031455505163149725 56
1765235503253 0.05211816095095828 57
1765235503270 0.05387840964424396 58
1765235503286 0.0710451178448765 59
1765235503301 0.0425012686422893 60
1765235503320 0.04423886257454865 61
1765235503339 0.03274972711626748 62
1765235503355 0.04716109845759277 63
1765235503371 0.03336854776913734 64
1765235503387 0.04976332025196319 65
1765235503403 0.027150665420804285 66
1765235503418 0.036972606693800626 67
1765235503436 0.028725987090203995 68
1765235503457 0.019724186621886446 69
1765235503475 0.022707646054432803 70
1765235503493 0.023066987549620017 71
1765235503511 0.0346811548281545 72
1765235503531 0.02846331103823911 73
1765235503556 0.023132539232159945 74
1765235503582 0.028865939440359745 75
1765235503611 0.04218506632386742 76
1765235503638 0.021884271188786154 77
1765235503661 0.021933149616409065 78
1765235503679 0.019301261343201974 79
1765235503696 0.018242373574118977 80
1765235503717 0.0295025510153264 81
1765235503738 0.04159630178228805 82
1765235503765 0.020713625909914647 83
1765235503787 0.02570370673657136 84
1765235503807 0.023462796905883272 85
1765235503831 0.02713343645340966 86
1765235503849 0.016478346256343156 87
1765235503866 0.023779727441531822 88
1765235503884 0.029336887330370008 89
1765235503902 0.01611239884636904 90
1765235503919 0.023906561490008256 91
1765235503935 0.0175910074459879 92
1765235503951 0.013674103900005943 93
1765235503970 0.04289497144492273 94
1765235503991 0.026906785660220266 95
1765235504011 0.014820893979596352 96
1765235504028 0.008343637745855446 97
1765235504044 0.020984530965342446 98
1765235504059 0.012315949932777119 99
1765235504078 0.025753129799710235 100
1765235504095 0.007921267655396684 101
1765235504115 0.019261725877124564 102
1765235504139 0.012319710952951047 103
1765235504156 0.017529656200256562 104
1765235504173 0.0058144665029095976 105
1765235504194 0.025096286116237928 106
1765235504215 0.010892594107111594 107
1765235504239 0.008772924556869566 108
1765235504265 0.03821111565693877 109
1765235504287 0.009252135578851054 110
1765235504309 0.01576563631905649 111
1765235504330 0.014161058992175455 112
1765235504346 0.01781574358526421 113
1765235504361 0.009227812444245009 114
1765235504375 0.023400663011322233 115
1765235504390 0.008255247684909884 116
1765235504408 0.009216990798039544 117
1765235504423 0.008587541283174818 118
1765235504438 0.013653982035059454 119
1765235504452 0.017966249467510926 120
1765235504466 0.010775011306680227 121
1765235504483 0.01300506868246064 122
1765235504498 0.011942276946458042 123
1765235504514 0.015159176897145528 124
1765235504530 0.008754478711494826 125
1765235504547 0.01288012629444886 126
1765235504564 0.0115873273707142 127
1765235504578 0.00691534745107804 128
1765235504593 0.024313713682997496 129
1765235504609 0.006673009274877552 130
1765235504624 0.008422254765042126 131
1765235504640 0.006908360487060216 132
1765235504656 0.0058884965115808 133
1765235504671 0.005586222026908956 134
1765235504687 0.008870998922651424 135
1765235504706 0.0067805286384838865 136
1765235504724 0.010438603980998908 137
1765235504742 0.007797735771234322 138
1765235504759 0.011139737865303865 139
1765235504775 0.007560795870665601 140
1765235504791 0.005450038307195851 141
1765235504805 0.006648750246600493 142
1765235504821 0.004584180543031124 143
1765235504838 0.005451317097557555 144
1765235504853 0.007916982248915653 145
1765235504870 0.008617009440687733 146
1765235504886 0.003550299368028466 147
1765235504899 0.02157917156591451 148
1765235504917 0.005241421109093423 149
1765235504932 0.005495011626175584 150
