1765235471046 0.7122207922594888 1
1765235471067 0.13837536208723722 2
1765235471082 0.05942499581934478 3
1765235471095 0.032750263810157776 4
1765235471108 0.01358332979506848 5
1765235471121 0.02058853931669006 6
1765235471134 0.03364557371351385 7
1765235471146 0.006101384604895921 8
1765235471158 0.014342697758071782 9
1765235471168 0.011794133771512233 10
1765235471184 0.015582995128498535 11
1765235471197 0.003578611823252146 12
1765235471206 0.0036401041308731933 13
1765235471215 0.012803396446242161 14
1765235471225 0.006645758728093216 15
1765235471234 0.008133545640026241 16
1765235471244 0.0021959228407857673 17
1765235471255 0.009988013505954269 18
1765235471264 0.003280918779117667 19
1765235471274 0.0028413610699980674 20
1765235471282 0.0018552188913944472 21
1765235471292 0.00139802862378503 22
1765235471303 0.0006810567515492579 23
1765235471313 0.0006625992065851175 24
1765235471323 0.00015992390404803735 25
1765235471333 0.0015844349899063154 26
1765235471344 0.01887084803329139 27
1765235471355 0.0011306620978477195 28
1765235471364 0.0029906604326942884 29
1765235471374 0.009591408280473678 30
1765235471385 0.0014597475738789803 31
1765235471394 0.001786913605131242 32
1765235471404 0.0007974164508377179 33
1765235471412 0.0006610872293996994 34
1765235471422 0.0005950945524911964 35
1765235471431 0.0019386437020432624 36
1765235471441 0.00036117742164130907 37
1765235471451 0.0023513553003391635 38
1765235471462 0.0011824749532858999 39
1765235471472 0.0005953066693331822 40
1765235471480 0.0004998034256302224 41
1765235471489 0.006187119494052582 42
1765235471497 0.0007170690442810729 43
1765235471507 0.000475866290990349 44
1765235471516 0.001501276724909069 45
1765235471525 0.0008619867695873617 46
1765235471535 0.000520571684921064 47
1765235471544 0.0004092635080494911 48
1765235471555 0.002485477412587248 49
1765235471565 0.001151235965850826 50
1765235471575 0.00014673007416847139 51
1765235471586 0.0005279238656586862 52
1765235471594 0.00011955828167834228 53
1765235471602 0.0001569896020848974 54
1765235471611 0.00015526949681586295 55
1765235471621 0.001534681769851175 56
1765235471630 0.000974996525069426 57
1765235471639 6.673592787365124e-05 58
1765235471648 0.0005285415665051353 59
1765235471658 0.00026939588242658603 60
1765235471666 0.00015453289901265257 61
1765235471674 0.0004767176429746008 62
1765235471682 0.0002580586526736566 63
1765235471692 0.00015973915550948457 64
1765235471701 0.0001979847066614635 65
1765235471712 0.00030517592742562965 66
1765235471723 0.0005910860136485026 67
1765235471733 0.00016094815411387865 68
1765235471745 0.0003040042973631806 69
1765235471758 0.00013522333088794288 70
1765235471766 0.00029670826912014237 71
1765235471778 0.0008506845372957221 72
1765235471789 0.0005967288096852094 73
1765235471800 0.0001432668991891065 74
1765235471810 0.00012065046875544165 75
1765235471820 0.0001642846417117359 76
1765235471830 6.97606784185216e-05 77
1765235471841 0.00016450139946242497 78
1765235471852 0.0017302732269587765 79
1765235471863 6.559368396261917e-05 80
1765235471874 0.00041148126719666545 81
1765235471882 6.469931821584396e-05 82
1765235471891 2.0775914889943698e-05 83
