1765234880809 1.0902854715074812 1
1765234880837 1.0847303114439313 2
1765234880864 1.090004347320786 3
1765234880891 1.076204286482101 4
1765234880916 1.0856573133540333 5
1765234880942 1.0833210461121752 6
1765234880970 1.0831845093490486 7
1765234880996 1.0852590082283307 8
1765234881028 1.0809543670568251 9
1765234881059 1.069796703811875 10
1765234881089 1.072050544552337 11
1765234881115 1.064164948642702 12
1765234881145 1.0814361733601505 13
1765234881173 1.0637346031074237 14
1765234881205 1.0569278620239486 15
1765234881231 1.068646932903089 16
1765234881261 1.0657283964013695 17
1765234881291 1.044169673346039 18
1765234881324 1.0574901390792733 19
1765234881358 1.0419985764008715 20
1765234881387 1.0548808583639617 21
1765234881424 1.0485303428836334 22
1765234881467 1.0353148727488697 23
1765234881513 1.0232528887296979 24
1765234881563 1.0414761582711585 25
1765234881606 1.0241766773668446 26
1765234881652 1.0258768572843164 27
1765234881691 1.0036763069324923 28
1765234881722 1.0023011166350286 29
1765234881749 0.9884552686734307 30
1765234881786 0.993337467200774 31
1765234881822 0.9841865023275963 32
1765234881850 0.9852924414147112 33
1765234881885 0.9850438730160993 34
1765234881920 0.9655211276577828 35
1765234881949 0.9585387034523756 36
1765234881981 0.9670615967055013 37
1765234882011 0.9456616622164733 38
1765234882043 0.9462479227467587 39
1765234882075 0.9408624373880544 40
1765234882107 0.9368983525082581 41
1765234882140 0.9247224814909741 42
1765234882172 0.8963903583082041 43
1765234882200 0.9206156847172213 44
1765234882232 0.8882947613422135 45
1765234882262 0.8790143127728226 46
1765234882292 0.8986214471042604 47
1765234882318 0.9128020253396572 48
1765234882346 0.8501059471216417 49
1765234882373 0.8329824903853854 50
1765234882401 0.8659376950192272 51
1765234882435 0.8392424641695237 52
1765234882472 0.8104875105664247 53
1765234882499 0.805533046112921 54
1765234882527 0.8159133330323642 55
1765234882556 0.795861950494293 56
1765234882583 0.8083787806948325 57
1765234882611 0.7909082900312611 58
1765234882636 0.7505421867047933 59
1765234882664 0.758200762863446 60
1765234882689 0.7579205466392345 61
1765234882718 0.7398019742248649 62
1765234882746 0.7670531174294034 63
1765234882771 0.7609065502209771 64
1765234882798 0.7269522803170341 65
1765234882826 0.7230165094361269 66
1765234882858 0.7688768438826826 67
1765234882884 0.7156738925697212 68
1765234882908 0.7043098345735019 69
1765234882935 0.6972245210991767 70
1765234882959 0.6976286141495955 71
1765234882985 0.6812481579923988 72
1765234883011 0.6787840741917603 73
1765234883043 0.6925732842961648 74
1765234883073 0.7137955445096009 75
1765234883103 0.7018719974317049 76
1765234883137 0.677504713373973 77
1765234883166 0.6578014246503213 78
1765234883197 0.6748145558780297 79
1765234883224 0.6193868262427193 80
1765234883250 0.6362708367799458 81
1765234883276 0.6148729826274671 82
1765234883304 0.6363070293476707 83
1765234883331 0.6207118715558734 84
1765234883359 0.6684421318814271 85
1765234883385 0.6230694947386146 86
1765234883409 0.6151648535764307 87
1765234883436 0.6215515638652601 88
1765234883461 0.6219803614723951 89
1765234883488 0.5943205811475453 90
1765234883516 0.5891524454704801 91
1765234883544 0.5789129913301396 92
1765234883577 0.5866965976424683 93
1765234883606 0.5885339805058071 94
1765234883632 0.587526318946279 95
1765234883663 0.5836192118494135 96
1765234883691 0.5643750783196069 97
1765234883717 0.5700859566380206 98
1765234883743 0.5810457342549374 99
1765234883769 0.5504884096912872 100
1765234883794 0.5635696071431153 101
1765234883823 0.5514096250211385 102
1765234883849 0.5402417164996154 103
1765234883875 0.5182318535066188 104
1765234883900 0.5514484603602187 105
1765234883924 0.5656504496595913 106
1765234883952 0.5560547212012729 107
1765234883978 0.4983202102489041 108
1765234884003 0.547996769722243 109
1765234884032 0.5298780830282914 110
1765234884061 0.5484109095164708 111
1765234884092 0.5512625543694747 112
1765234884118 0.5033039060750402 113
1765234884144 0.5060686702118781 114
1765234884172 0.5382995417243556 115
1765234884201 0.5063368866318151 116
1765234884228 0.5170048726232428 117
1765234884254 0.5042757779583895 118
1765234884279 0.51940320913953 119
1765234884304 0.5280617847478479 120
1765234884329 0.49817918207412376 121
1765234884355 0.5278544269110027 122
1765234884380 0.4793171542031424 123
1765234884409 0.5017812827924141 124
1765234884435 0.47102532619820503 125
1765234884462 0.45888713159059225 126
1765234884490 0.4583676210919717 127
1765234884516 0.5025636921251627 128
1765234884544 0.4770808626610534 129
1765234884569 0.4491405186796547 130
1765234884597 0.485728400990479 131
1765234884632 0.4979369429717387 132
1765234884668 0.4684314104847442 133
1765234884696 0.42182883463407816 134
1765234884726 0.4882002558026995 135
1765234884753 0.4607327545159741 136
1765234884782 0.457764714732206 137
1765234884813 0.47682176496749534 138
1765234884844 0.4374662633229019 139
