1765234892773 1.1532597326694574 1
1765234892803 1.1314795017242432 2
1765234892836 1.0778299686603976 3
1765234892864 1.0409135849852311 4
1765234892897 1.0010397066747336 5
1765234892931 0.9545681028437794 6
1765234892961 0.9309429230546593 7
1765234892993 0.8810477427073887 8
1765234893021 0.8360131983470199 9
1765234893047 0.807255787060673 10
1765234893076 0.7565286110218307 11
1765234893108 0.7321215491545828 12
1765234893138 0.6692866705414048 13
1765234893181 0.6309946865067446 14
1765234893218 0.5767513997572705 15
1765234893257 0.5217470212986595 16
1765234893294 0.5113685780898073 17
1765234893331 0.48049663556249517 18
1765234893373 0.4246558482037451 19
1765234893410 0.41392089773837787 20
1765234893440 0.38377288656127184 21
1765234893475 0.3455428375785512 22
1765234893513 0.3324914776292959 23
1765234893540 0.3044439733476567 24
1765234893565 0.26926973394881515 25
1765234893595 0.25555618230561566 26
1765234893621 0.24125051834529504 27
1765234893652 0.2212391928174442 28
1765234893679 0.20075805877384387 29
1765234893708 0.20475458516214126 30
1765234893735 0.16288105291979654 31
1765234893766 0.1797211016703369 32
1765234893793 0.16457407747892508 33
1765234893826 0.13967929570410484 34
1765234893851 0.1483729341088381 35
1765234893878 0.13860638635723213 36
1765234893906 0.13807511887043938 37
1765234893934 0.12094034260152874 38
1765234893964 0.12158477676094026 39
1765234893994 0.11773133132242619 40
1765234894022 0.1177523625748498 41
1765234894053 0.10800803419118538 42
1765234894079 0.09143521435054622 43
1765234894103 0.09893909976222462 44
1765234894132 0.08252132353477908 45
1765234894156 0.07341610883971803 46
1765234894180 0.07671244764574488 47
1765234894209 0.08925775074421015 48
1765234894234 0.1044770320107166 49
1765234894260 0.07512888317941722 50
1765234894285 0.07588920907530569 51
1765234894314 0.0710443287975806 52
1765234894341 0.06758406030056172 53
1765234894374 0.06459316006630547 54
1765234894405 0.07521272517908785 55
1765234894437 0.05799063177485215 56
1765234894469 0.06731695401713364 57
1765234894500 0.053260993786660354 58
1765234894533 0.05458192390046621 59
1765234894569 0.05500198182250772 60
1765234894603 0.05797065959725165 61
1765234894634 0.049698339313044584 62
1765234894662 0.054309469178543054 63
1765234894690 0.037657277882659344 64
1765234894719 0.033178296024189854 65
1765234894751 0.04525844720577387 66
1765234894784 0.05168098762379329 67
1765234894811 0.04723028566940386 68
1765234894846 0.04814375925781135 69
1765234894882 0.04179377377705466 70
1765234894914 0.03419385678169871 71
1765234894945 0.03651296159714684 72
1765234894975 0.03982757065529214 73
1765234895010 0.033358620395673846 74
1765234895034 0.033503233055983274 75
1765234895064 0.041949358663724776 76
1765234895098 0.02978116800462393 77
1765234895130 0.03221161160057873 78
1765234895167 0.029368988931515162 79
1765234895197 0.03454942566419678 80
1765234895227 0.04121523246841323 81
1765234895262 0.032650313599217204 82
1765234895293 0.026681179509855303 83
1765234895326 0.03655541038378737 84
1765234895359 0.0239588742081384 85
1765234895391 0.03040569174782674 86
1765234895422 0.032401193213418014 87
1765234895450 0.023830550148578964 88
1765234895477 0.025131998093504655 89
1765234895507 0.025328623109910273 90
1765234895549 0.035263386078851114 91
1765234895596 0.020378195281539644 92
1765234895634 0.025265121776470563 93
1765234895662 0.02044684761308862 94
1765234895699 0.022510597034168422 95
1765234895731 0.023342478411146124 96
1765234895764 0.01947892151941034 97
1765234895803 0.01810701164816107 98
1765234895830 0.017820826136416064 99
1765234895857 0.01569329001205532 100
1765234895885 0.020354428062043888 101
1765234895914 0.023561674037149975 102
1765234895942 0.015463038634760935 103
1765234895976 0.02145526974104849 104
1765234896017 0.01502036320087605 105
1765234896057 0.01282450061683592 106
1765234896097 0.018354236059016864 107
1765234896135 0.016331799580414492 108
1765234896183 0.019032296623082312 109
1765234896221 0.012574415625934313 110
1765234896250 0.0196871094552702 111
1765234896282 0.017595413175964712 112
1765234896314 0.027220519501155706 113
1765234896346 0.022884778167240154 114
1765234896378 0.012397506978026683 115
