1765235510543 1.0786052485157673 1
1765235510557 1.0421346031633534 2
1765235510572 1.0078295585804415 3
1765235510588 0.9816992202199492 4
1765235510603 0.9538458276512032 5
1765235510624 0.907520900543471 6
1765235510642 0.886092117854527 7
1765235510662 0.8455121606812441 8
1765235510687 0.8020008788969284 9
1765235510709 0.7636602323754389 10
1765235510730 0.7153309588145492 11
1765235510751 0.6728853041068056 12
1765235510775 0.6393392852374485 13
1765235510798 0.6002955069219259 14
1765235510821 0.5373517969497165 15
1765235510842 0.49678249690765724 16
1765235510870 0.45677086105920317 17
1765235510895 0.40399597193065445 18
1765235510918 0.37819434332668334 19
1765235510938 0.34048500253741903 20
1765235510954 0.3188247958520301 21
1765235510972 0.28907339106825064 22
1765235510989 0.23910233356002578 23
1765235511009 0.21710303941167386 24
1765235511026 0.20786218737301074 25
1765235511042 0.18647892862782442 26
1765235511057 0.16838878208309188 27
1765235511070 0.15570377463236787 28
1765235511084 0.12367484824998039 29
1765235511098 0.137884154691732 30
1765235511112 0.12876343934383608 31
1765235511136 0.12158508430746265 32
1765235511151 0.11977405571623852 33
1765235511165 0.09980670915902558 34
1765235511181 0.0986424624863872 35
1765235511199 0.09960076056028667 36
1765235511216 0.08705235866451622 37
1765235511236 0.086309571239285 38
1765235511256 0.09193510590191174 39
1765235511277 0.06808456355579813 40
1765235511299 0.06122053016845445 41
1765235511320 0.06753098798033438 42
1765235511342 0.056956761733705834 43
1765235511367 0.051429393876315954 44
1765235511389 0.05566482478402611 45
1765235511412 0.06506185787834955 46
1765235511437 0.05022863787423847 47
1765235511462 0.05469560225431184 48
1765235511485 0.0487222782987401 49
1765235511505 0.04253087234788371 50
1765235511524 0.0447500808010424 51
1765235511542 0.043838036855808775 52
1765235511558 0.034411420537985134 53
1765235511575 0.05171889512400542 54
1765235511590 0.03568765389403902 55
1765235511608 0.03071398517691103 56
1765235511627 0.03679924956837991 57
1765235511645 0.032627452472995096 58
1765235511666 0.029595159505374898 59
1765235511681 0.036835939070223866 60
1765235511697 0.03667812888279445 61
1765235511717 0.02753682989150958 62
1765235511740 0.033333853618907075 63
1765235511757 0.025631068400422435 64
1765235511773 0.0317677626932474 65
1765235511790 0.030112172613494602 66
1765235511807 0.036550381304906274 67
1765235511826 0.0282113286911657 68
1765235511843 0.03131598008873599 69
1765235511860 0.02574629969614789 70
1765235511875 0.021012626756402784 71
1765235511890 0.025648736786202324 72
1765235511906 0.021728396037579478 73
1765235511921 0.022892137142108346 74
1765235511938 0.02314845853506174 75
1765235511954 0.01843022576120115 76
1765235511969 0.023983074324135493 77
1765235511983 0.019935539118329387 78
1765235512003 0.018308968586090924 79
1765235512020 0.01898105754832128 80
1765235512037 0.01562540342022938 81
1765235512053 0.016213079417278443 82
1765235512071 0.016355589454069286 83
1765235512088 0.01611877116549732 84
1765235512104 0.01791861510478464 85
1765235512121 0.015679151499013704 86
1765235512137 0.022233976944020593 87
1765235512154 0.015077232302663694 88
1765235512169 0.016803719389560472 89
1765235512184 0.012304663896224553 90
1765235512200 0.011630887883414227 91
1765235512215 0.011459481699350184 92
1765235512231 0.00976402167566961 93
1765235512246 0.013903805042688799 94
1765235512260 0.009109334347951682 95
1765235512275 0.01166426659302604 96
1765235512290 0.011810138625533958 97
1765235512305 0.008746947207369078 98
1765235512324 0.009941204205939644 99
1765235512342 0.0073683940336332285 100
1765235512360 0.009156850292443655 101
1765235512377 0.01047946169580284 102
1765235512392 0.01336123783113365 103
1765235512408 0.009342783319770842 104
1765235512425 0.011039943063169494 105
1765235512443 0.009035701098452722 106
1765235512463 0.008865391667512126 107
1765235512482 0.011122398296392109 108
1765235512501 0.012131964175128624 109
1765235512515 0.01111579600973685 110
1765235512531 0.008183143780867857 111
1765235512546 0.007513002660545639 112
1765235512563 0.006643564622373061 113
1765235512579 0.008261546408547494 114
1765235512593 0.00664369845797861 115
1765235512607 0.007595825878224035 116
1765235512621 0.007697594485112599 117
1765235512637 0.008124140873761442 118
1765235512653 0.009815818561885254 119
1765235512671 0.008691940605430338 120
1765235512688 0.005559072077678712 121
1765235512704 0.006054808442127239 122
1765235512720 0.008602136420436148 123
1765235512737 0.003996009467505759 124
1765235512751 0.004771264781125058 125
1765235512767 0.007894360393817936 126
1765235512783 0.0038410302328604055 127
1765235512799 0.005420316521890629 128
1765235512819 0.008827252775654756 129
1765235512835 0.004113415053947584 130
