1765803341112 0.8710639926051735 1
1765803341153 0.1478350452686611 2
1765803341192 0.1271475289998724 3
1765803341229 0.08704624447229325 4
1765803341272 0.015000834504380486 5
1765803341312 0.003083266511833456 6
1765803341352 0.013109202940267321 7
1765803341416 0.005125275672358647 8
1765803341485 0.01954938000754306 9
1765803341536 0.006161491926599739 10
1765803341583 0.07158745912658246 11
1765803341631 0.0006562048095511649 12
1765803341676 0.001554310421646969 13
1765803341718 0.009599054612661527 14
1765803341763 0.07622802201606312 15
1765803341807 0.018461534703951708 16
1765803341851 0.039690258776068334 17
1765803341904 0.020851994409648984 18
1765803341959 0.07605227759369225 19
1765803342018 0.011835356869786344 20
1765803342076 0.0001897204567550462 21
1765803342132 0.0009645887172147505 22
1765803342183 0.00018949210203800249 23
1765803342238 0.007307316274184478 24
1765803342286 0.00010810428981275926 25
1765803342331 0.0003799435817131609 26
1765803342374 0.042644373699562095 27
1765803342416 0.00029615238387871895 28
1765803342454 0.016530863781399716 29
1765803342493 0.005059085815135309 30
1765803342532 0.0008153647473128396 31
1765803342569 0.0005210487186621876 32
1765803342609 5.7155775282678534e-05 33
1765803342646 0.00017273726106138479 34
1765803342685 0.053000826093632984 35
1765803342723 0.0001615885156934874 36
1765803342762 0.013919706131357694 37
1765803342801 0.0019164967013927967 38
1765803342840 0.00011048048417052207 39
1765803342879 8.592068834141977e-05 40
1765803342920 3.0016176317655007e-05 41
1765803342958 5.2313636459723424e-05 42
1765803342997 0.0007316157143235134 43
1765803343036 0.0003435476272061676 44
1765803343073 0.0019009770683997946 45
1765803343120 1.764695120848022e-05 46
1765803343167 3.8403951403570934e-05 47
1765803343207 0.00018909599637360354 48
1765803343242 0.0001084709158141234 49
1765803343275 0.0001705937299924775 50
1765803343313 3.105848000093776e-05 51
1765803343351 0.017614450641993927 52
1765803343392 7.382102139856277e-05 53
1765803343429 0.0002352827184783211 54
1765803343468 7.563169146494961e-06 55
1765803343506 9.363693183346806e-05 56
1765803343545 0.0030249335138705646 57
1765803343583 1.9493842546196052e-06 58
1765803343622 9.98867245946309e-05 59
1765803343662 1.0338342376987958e-05 60
1765803343701 0.00010540262895263272 61
1765803343737 8.306567047051365e-05 62
1765803343775 9.129582660064091e-05 63
1765803343815 2.3012891473662423e-05 64
1765803343854 3.9975200169955744e-07 65
1765803343894 1.2284659949808502e-05 66
1765803343933 7.949656603964594e-06 67
1765803343976 1.3668309988329588e-05 68
1765803344015 2.0674913591043642e-05 69
1765803344053 8.062290741263137e-06 70
1765803344089 1.170270070686745e-05 71
1765803344132 1.0628376430530434e-05 72
1765803344175 1.9421692789350367e-06 73
1765803344212 8.815481982809498e-06 74
1765803344249 4.8392114025584575e-05 75
1765803344285 2.3931212788873834e-07 76
1765803344325 0.0010259440578803264 77
1765803344364 0.00042402844641069233 78
1765803344422 3.553458119874032e-06 79
1765803344470 4.16276426013316e-06 80
1765803344509 0.00012659818878749514 81
1765803344548 9.186737094154509e-07 82
1765803344587 2.0875289590639252e-05 83
1765803344627 4.185718526136576e-07 84
1765803344666 1.617521771512335e-05 85
1765803344709 2.453825949437504e-06 86
1765803344763 3.2426022992441052e-06 87
1765803344818 4.3098761120164364e-06 88
1765803344863 4.3201754565382004e-07 89
1765803344912 1.5092635888393495e-06 90
1765803344954 2.7695791703806204e-07 91
1765803344990 2.0299936748471337e-05 92
1765803345027 0.02980625090918525 93
1765803345065 0.08827025777785703 94
1765803345105 2.57401506403812e-05 95
1765803345143 0.0022951383952940596 96
1765803345183 1.5263477093970124e-06 97
1765803345222 6.542923954880382e-07 98
1765803345261 7.858860058557892e-06 99
1765803345301 0.00017296221612559193 100
1765803345340 2.3359155166535583e-05 101
1765803345392 3.2625486809399803e-07 102
1765803345430 3.730017423352269e-06 103
1765803345486 0.0004259927233128682 104
1765803345523 8.738611020695808e-07 105
1765803345559 4.092008045023947e-06 106
1765803345594 8.873443381577787e-08 107
1765803345636 6.973077111082691e-07 108
1765803345672 2.3938556231379543e-05 109
1765803345715 4.929697520370418e-08 110
1765803345754 5.019334393732846e-08 111
1765803345793 6.838754296423806e-07 112
1765803345832 3.379060145609975e-07 113
1765803345870 0.00013430765346811313 114
1765803345909 1.481870228186172e-05 115
1765803345948 2.088393863122073e-07 116
1765803345990 3.395742573969003e-05 117
1765803346028 1.6607590246645775e-06 118
