1765233793681 0.9506986701398864 1
1765233793707 0.40371203915517134 2
1765233793730 0.13466894503024623 3
1765233793755 0.1768979047025953 4
1765233793779 0.09185775313999056 5
1765233793809 0.1554333660327059 6
1765233793836 0.09995394993849804 7
1765233793862 0.0639493333217793 8
1765233793890 0.0597224406638932 9
1765233793921 0.07180098428686772 10
1765233793949 0.17224941888576395 11
1765233793977 0.06493031440383258 12
1765233794009 0.07341426670117064 13
1765233794041 0.02964277315733401 14
1765233794072 0.026524716034563103 15
1765233794104 0.09393169734667574 16
1765233794133 0.10299082469242948 17
1765233794171 0.01772432999264755 18
1765233794203 0.08832490095425469 19
1765233794233 0.07098899478630226 20
1765233794261 0.04409862188617979 21
1765233794286 0.026267736072694003 22
1765233794312 0.007229900093247316 23
1765233794333 0.02077157033412855 24
1765233794360 0.03310034976755832 25
1765233794386 0.028472714590119914 26
1765233794412 0.021881514784314975 27
1765233794439 0.030050270806136672 28
1765233794471 0.02261420188646079 29
1765233794504 0.07951805587197983 30
1765233794537 0.07342913413984727 31
1765233794570 0.0985399408385278 32
1765233794603 0.026497734179278802 33
1765233794633 0.05222766237168389 34
1765233794667 0.03655724451871192 35
1765233794696 0.013014815593356288 36
1765233794718 0.14057550098746135 37
1765233794744 0.02653496610911045 38
1765233794771 0.04977794225300372 39
1765233794798 0.10388150250169806 40
1765233794823 0.09087458945474022 41
1765233794848 0.04040397439545824 42
1765233794874 0.12346394503965286 43
1765233794899 0.05321407956785664 44
1765233794926 0.012825632958835802 45
1765233794953 0.08999557407918118 46
1765233794978 0.06901316597134412 47
1765233795000 0.016336106279766654 48
1765233795024 0.024100844627444298 49
1765233795047 0.02773333069293093 50
1765233795071 0.15440864495856735 51
1765233795097 0.027259800936026056 52
1765233795120 0.030128985905496546 53
1765233795147 0.18338529825669503 54
1765233795174 0.03390913113450134 55
1765233795195 0.037773799387165276 56
1765233795217 0.023302529409148634 57
1765233795238 0.019219616704579227 58
1765233795260 0.04332833281686827 59
1765233795283 0.036728689520067324 60
1765233795310 0.01464164229403657 61
1765233795338 0.062247901255774084 62
1765233795360 0.0473893728657342 63
1765233795381 0.0636329631980427 64
1765233795403 0.05708194862686755 65
1765233795428 0.014053612658118593 66
1765233795455 0.023419011742828132 67
1765233795480 0.03942309341493825 68
1765233795507 0.020402627248613994 69
1765233795535 0.020769957461765232 70
1765233795561 0.014079778231525316 71
1765233795584 0.08333047089982822 72
1765233795613 0.02728627428228733 73
1765233795647 0.07680688774740715 74
1765233795679 0.029288306104157034 75
1765233795707 0.034140431174196954 76
1765233795740 0.03718870672085109 77
1765233795766 0.02265682497696767 78
1765233795794 0.006352201216572145 79
1765233795825 0.025508549558732118 80
1765233795848 0.04089929382253035 81
1765233795875 0.00538637078258937 82
1765233795897 0.06291757491509684 83
1765233795918 0.01582894377886139 84
1765233795944 0.04365899795974693 85
1765233795969 0.014651454032107344 86
1765233796001 0.013227403250745874 87
1765233796032 0.021350074141287523 88
1765233796062 0.007307284618694139 89
1765233796087 0.04008501711861303 90
1765233796113 0.027951471697746512 91
1765233796137 0.022323025795879716 92
1765233796162 0.015605749423632508 93
1765233796186 0.030207444673363313 94
1765233796212 0.049644348516059485 95
1765233796236 0.08741156998369386 96
1765233796261 0.003247853104026118 97
1765233796288 0.023323059376309203 98
1765233796314 0.07505782890081122 99
1765233796337 0.0034768046514487777 100
1765233796358 0.024765062694344885 101
1765233796379 0.06892752316723966 102
1765233796402 0.011415669050904426 103
1765233796425 0.09188966255191244 104
1765233796450 0.04461187625554858 105
1765233796474 0.007736657017518101 106
1765233796496 0.1667533254289439 107
1765233796521 0.024848055628072678 108
1765233796546 0.05372473819025095 109
1765233796568 0.04061701111005052 110
1765233796594 0.02383628950636708 111
1765233796622 0.11936721455167298 112
1765233796648 0.02511028437683841 113
1765233796670 0.0762759889669115 114
1765233796696 0.03704390773534276 115
1765233796721 0.031333446318158986 116
1765233796746 0.19685371928426443 117
1765233796772 0.007237823402674476 118
1765233796793 0.07736895695489109 119
1765233796814 0.07260167193396042 120
1765233796837 0.052578338652672266 121
1765233796860 0.035423941387409945 122
1765233796884 0.04793655355002502 123
1765233796908 0.09209514995540699 124
1765233796932 0.018950806866851258 125
1765233796960 0.048626682812065475 126
1765233796985 0.028847622275866923 127
1765233797010 0.012190757982277318 128
1765233797035 0.025090690033460993 129
1765233797065 0.026870332063129155 130
1765233797094 0.013407606420541939 131
1765233797121 0.06265715744067647 132
1765233797149 0.005995931315640816 133
1765233797179 0.022614960125054415 134
1765233797201 0.02123575810721246 135
1765233797225 0.0462200816812248 136
1765233797250 0.06431805023767527 137
1765233797277 0.033958469624217696 138
1765233797299 0.015682330671025733 139
1765233797321 0.05650391367051137 140
1765233797355 0.004708091666710094 141
