1765235481288 1.0902854715074812 1
1765235481314 1.0847303114439313 2
1765235481348 1.090004347320786 3
1765235481390 1.076204286482101 4
1765235481435 1.0856573133540333 5
1765235481480 1.0833210461121752 6
1765235481520 1.0831845093490486 7
1765235481565 1.0852590082283307 8
1765235481600 1.0809543670568251 9
1765235481638 1.069796703811875 10
1765235481675 1.072050544552337 11
1765235481705 1.064164948642702 12
1765235481730 1.0814361733601505 13
1765235481760 1.0637346031074237 14
1765235481790 1.0569278620239486 15
1765235481820 1.068646932903089 16
1765235481849 1.0657283964013695 17
1765235481881 1.044169673346039 18
1765235481907 1.0574901390792733 19
1765235481932 1.0419985764008715 20
1765235481960 1.0548808583639617 21
1765235481996 1.0485303428836334 22
1765235482042 1.0353148727488697 23
1765235482090 1.0232528887296979 24
1765235482127 1.0414761582711585 25
1765235482164 1.0241766773668446 26
1765235482205 1.0258768572843164 27
1765235482237 1.0036763069324923 28
1765235482268 1.0023011166350286 29
1765235482302 0.9884552686734307 30
1765235482333 0.993337467200774 31
1765235482364 0.9841865023275963 32
1765235482397 0.9852924414147112 33
1765235482428 0.9850438730160993 34
1765235482462 0.9655211276577828 35
1765235482493 0.9585387034523756 36
1765235482519 0.9670615967055013 37
1765235482548 0.9456616622164733 38
1765235482577 0.9462479227467587 39
1765235482604 0.9408624373880544 40
1765235482630 0.9368983525082581 41
1765235482656 0.9247224814909741 42
1765235482680 0.8963903583082041 43
1765235482708 0.9206156847172213 44
1765235482733 0.8882947613422135 45
1765235482759 0.8790143127728226 46
1765235482785 0.8986214471042604 47
1765235482813 0.9128020253396572 48
1765235482841 0.8501059471216417 49
1765235482870 0.8329824903853854 50
1765235482897 0.8659376950192272 51
1765235482926 0.8392424641695237 52
1765235482955 0.8104875105664247 53
1765235482983 0.805533046112921 54
1765235483010 0.8159133330323642 55
1765235483038 0.795861950494293 56
1765235483065 0.8083787806948325 57
1765235483092 0.7909082900312611 58
1765235483126 0.7505421867047933 59
1765235483152 0.758200762863446 60
1765235483177 0.7579205466392345 61
1765235483204 0.7398019742248649 62
1765235483233 0.7670531174294034 63
1765235483259 0.7609065502209771 64
1765235483283 0.7269522803170341 65
1765235483310 0.7230165094361269 66
1765235483338 0.7688768438826826 67
1765235483363 0.7156738925697212 68
1765235483389 0.7043098345735019 69
1765235483418 0.6972245210991767 70
1765235483448 0.6976286141495955 71
1765235483476 0.6812481579923988 72
1765235483504 0.6787840741917603 73
1765235483532 0.6925732842961648 74
1765235483561 0.7137955445096009 75
1765235483588 0.7018719974317049 76
1765235483619 0.677504713373973 77
1765235483646 0.6578014246503213 78
1765235483674 0.6748145558780297 79
1765235483702 0.6193868262427193 80
1765235483727 0.6362708367799458 81
1765235483760 0.6148729826274671 82
1765235483786 0.6363070293476707 83
1765235483813 0.6207118715558734 84
1765235483844 0.6684421318814271 85
1765235483880 0.6230694947386146 86
1765235483907 0.6151648535764307 87
1765235483936 0.6215515638652601 88
1765235483960 0.6219803614723951 89
1765235483985 0.5943205811475453 90
1765235484011 0.5891524454704801 91
1765235484039 0.5789129913301396 92
1765235484066 0.5866965976424683 93
1765235484095 0.5885339805058071 94
1765235484127 0.587526318946279 95
1765235484158 0.5836192118494135 96
1765235484187 0.5643750783196069 97
1765235484217 0.5700859566380206 98
1765235484244 0.5810457342549374 99
1765235484275 0.5504884096912872 100
1765235484304 0.5635696071431153 101
1765235484332 0.5514096250211385 102
1765235484359 0.5402417164996154 103
1765235484386 0.5182318535066188 104
1765235484417 0.5514484603602187 105
1765235484449 0.5656504496595913 106
1765235484479 0.5560547212012729 107
1765235484505 0.4983202102489041 108
1765235484533 0.547996769722243 109
1765235484562 0.5298780830282914 110
1765235484590 0.5484109095164708 111
1765235484618 0.5512625543694747 112
1765235484644 0.5033039060750402 113
1765235484670 0.5060686702118781 114
1765235484698 0.5382995417243556 115
1765235484730 0.5063368866318151 116
1765235484757 0.5170048726232428 117
1765235484783 0.5042757779583895 118
1765235484809 0.51940320913953 119
1765235484836 0.5280617847478479 120
1765235484863 0.49817918207412376 121
1765235484901 0.5278544269110027 122
1765235484935 0.4793171542031424 123
1765235484966 0.5017812827924141 124
1765235484997 0.47102532619820503 125
1765235485028 0.45888713159059225 126
1765235485061 0.4583676210919717 127
1765235485097 0.5025636921251627 128
1765235485124 0.4770808626610534 129
1765235485154 0.4491405186796547 130
1765235485187 0.485728400990479 131
1765235485217 0.4979369429717387 132
1765235485243 0.4684314104847442 133
1765235485268 0.42182883463407816 134
1765235485294 0.4882002558026995 135
1765235485320 0.4607327545159741 136
1765235485350 0.457764714732206 137
1765235485381 0.47682176496749534 138
1765235485411 0.4374662633229019 139
