1765234871259 0.7122207922594888 1
1765234871268 0.13837536208723722 2
1765234871276 0.05942499581934478 3
1765234871284 0.032750263810157776 4
1765234871293 0.01358332979506848 5
1765234871301 0.02058853931669006 6
1765234871309 0.03364557371351385 7
1765234871317 0.006101384604895921 8
1765234871327 0.014342697758071782 9
1765234871336 0.011794133771512233 10
1765234871347 0.015582995128498535 11
1765234871355 0.003578611823252146 12
1765234871363 0.0036401041308731933 13
1765234871372 0.012803396446242161 14
1765234871380 0.006645758728093216 15
1765234871388 0.008133545640026241 16
1765234871397 0.0021959228407857673 17
1765234871410 0.009988013505954269 18
1765234871420 0.003280918779117667 19
1765234871431 0.0028413610699980674 20
1765234871442 0.0018552188913944472 21
1765234871451 0.00139802862378503 22
1765234871460 0.0006810567515492579 23
1765234871468 0.0006625992065851175 24
1765234871477 0.00015992390404803735 25
1765234871485 0.0015844349899063154 26
1765234871495 0.01887084803329139 27
1765234871507 0.0011306620978477195 28
1765234871517 0.0029906604326942884 29
1765234871529 0.009591408280473678 30
1765234871540 0.0014597475738789803 31
1765234871549 0.001786913605131242 32
1765234871559 0.0007974164508377179 33
1765234871569 0.0006610872293996994 34
1765234871577 0.0005950945524911964 35
1765234871584 0.0019386437020432624 36
1765234871593 0.00036117742164130907 37
1765234871601 0.0023513553003391635 38
1765234871610 0.0011824749532858999 39
1765234871620 0.0005953066693331822 40
1765234871630 0.0004998034256302224 41
1765234871640 0.006187119494052582 42
1765234871649 0.0007170690442810729 43
1765234871659 0.000475866290990349 44
1765234871667 0.001501276724909069 45
1765234871676 0.0008619867695873617 46
1765234871684 0.000520571684921064 47
1765234871692 0.0004092635080494911 48
1765234871700 0.002485477412587248 49
1765234871710 0.001151235965850826 50
1765234871718 0.00014673007416847139 51
1765234871727 0.0005279238656586862 52
1765234871737 0.00011955828167834228 53
1765234871745 0.0001569896020848974 54
1765234871754 0.00015526949681586295 55
1765234871763 0.001534681769851175 56
1765234871772 0.000974996525069426 57
1765234871780 6.673592787365124e-05 58
1765234871789 0.0005285415665051353 59
1765234871799 0.00026939588242658603 60
1765234871808 0.00015453289901265257 61
1765234871816 0.0004767176429746008 62
1765234871827 0.0002580586526736566 63
1765234871837 0.00015973915550948457 64
1765234871849 0.0001979847066614635 65
1765234871861 0.00030517592742562965 66
1765234871872 0.0005910860136485026 67
1765234871883 0.00016094815411387865 68
1765234871895 0.0003040042973631806 69
1765234871907 0.00013522333088794288 70
1765234871919 0.00029670826912014237 71
1765234871930 0.0008506845372957221 72
1765234871940 0.0005967288096852094 73
1765234871950 0.0001432668991891065 74
1765234871960 0.00012065046875544165 75
1765234871968 0.0001642846417117359 76
1765234871978 6.97606784185216e-05 77
1765234871987 0.00016450139946242497 78
1765234871996 0.0017302732269587765 79
1765234872007 6.559368396261917e-05 80
1765234872016 0.00041148126719666545 81
1765234872030 6.469931821584396e-05 82
1765234872043 2.0775914889943698e-05 83
