1765234885158 1.0673818149064715 1
1765234885190 0.9841149292494121 2
1765234885222 0.8529588252978217 3
1765234885253 0.6388228062848399 4
1765234885285 0.39258015559131937 5
1765234885320 0.24738588705098719 6
1765234885354 0.13398697529744386 7
1765234885388 0.07935483393756519 8
1765234885417 0.07027941638309705 9
1765234885447 0.045518014026819764 10
1765234885475 0.03858107821385663 11
1765234885508 0.023680020207749272 12
1765234885542 0.025597773219241685 13
1765234885569 0.029170741170865336 14
1765234885601 0.010989548063060598 15
1765234885652 0.015607598183424514 16
1765234885693 0.007152996964304519 17
1765234885735 0.010859182792456639 18
1765234885786 0.005071926860579052 19
1765234885832 0.002861397436301791 20
1765234885866 0.004800459440451604 21
1765234885911 0.006298290489458556 22
1765234885946 0.004985452208440853 23
1765234885978 0.010695135396821214 24
1765234886008 0.003995234666644295 25
1765234886035 0.012480993837877912 26
1765234886066 0.002090682304532992 27
1765234886097 0.006875276488743904 28
1765234886128 0.0068675860126031895 29
1765234886163 0.0036574673000373003 30
1765234886193 0.0009896071659247006 31
1765234886223 0.001636970455187576 32
1765234886250 0.0025609033515699175 33
1765234886281 0.0037789106446723935 34
1765234886316 0.003906565823580648 35
1765234886345 0.001808180269388932 36
1765234886373 0.0029422230703434102 37
1765234886402 0.0033866088782904392 38
1765234886440 0.0010057793718130728 39
1765234886468 0.0016534860717234224 40
1765234886498 0.0019139257912643085 41
1765234886528 0.017612473896231922 42
1765234886559 0.0014553911884483152 43
1765234886591 0.02050826421420657 44
1765234886623 0.03967765785309073 45
1765234886655 0.0015717963159884785 46
1765234886688 0.0034802686427439795 47
1765234886714 0.009384060229463205 48
1765234886746 0.0007708053563238311 49
1765234886775 0.0026522649517115716 50
1765234886807 0.0011186300883248197 51
1765234886843 0.0010392883659254661 52
1765234886875 0.001585494611458842 53
1765234886907 0.001194009153270353 54
1765234886937 0.004634047359138634 55
1765234886971 0.0007528831356877279 56
1765234886999 0.00038142861955006274 57
1765234887029 0.0006371138503155614 58
1765234887061 0.00041956013142465195 59
1765234887095 0.016742801735457953 60
1765234887126 0.0009394834290591311 61
1765234887151 0.00020422905342450104 62
1765234887180 0.0031136547754544892 63
1765234887209 0.0011347145038215739 64
1765234887237 0.0003947885116601417 65
1765234887265 0.0005611796399042438 66
1765234887294 0.0004736650407055019 67
1765234887328 0.00422845594645119 68
1765234887359 0.006237138427826366 69
1765234887391 0.002509119019314791 70
1765234887423 0.0012182369665609265 71
1765234887455 0.0026351185490255417 72
1765234887482 0.0005348823493422833 73
1765234887513 0.0009376585462598456 74
1765234887541 0.00032146811732891914 75
1765234887568 0.0005868596324712017 76
1765234887595 0.00020008645661530187 77
1765234887627 0.0009354182625942403 78
1765234887653 0.0004006838259250375 79
1765234887680 0.0002888192499977534 80
1765234887707 0.00030207926848609194 81
1765234887735 0.00025740022108510673 82
1765234887764 0.0002058585957723365 83
1765234887792 0.0003106124094116608 84
1765234887821 0.00010343730913094837 85
1765234887851 0.0002743646961406691 86
1765234887880 0.00025132599100281805 87
1765234887913 0.00014190282829069911 88
1765234887943 0.00022853315728109277 89
1765234887973 0.00838893465400299 90
1765234888002 0.0007998853598007571 91
1765234888036 0.0002554405549388182 92
1765234888065 0.0005269793668377044 93
1765234888094 0.001417595813278696 94
1765234888125 0.0002574834320683267 95
1765234888154 0.0002664286608206683 96
1765234888180 0.0001081725084836386 97
1765234888207 0.00037666929580852334 98
1765234888238 0.0020515946166870663 99
1765234888273 0.00017039033599231565 100
1765234888303 6.515332983712454e-05 101
1765234888332 0.00016866702082237803 102
1765234888362 0.0001125738077783702 103
1765234888392 0.0001554476497458518 104
1765234888428 0.0001092951932260167 105
1765234888459 0.00020973319008186437 106
1765234888488 0.0003106958942259238 107
1765234888523 0.00010557921565068545 108
1765234888567 0.0003964860194110271 109
1765234888604 0.00025886226108509723 110
1765234888644 0.0005731055708340026 111
1765234888685 0.0002591877091186121 112
1765234888718 0.00025027359928524103 113
1765234888752 0.00017449662455580156 114
