1765233826281 1.0842844265744203 1
1765233826305 1.065439295948 2
1765233826326 1.0399348655141385 3
1765233826348 1.033540439784975 4
1765233826372 1.0218418433253926 5
1765233826394 0.9749766552358642 6
1765233826417 0.9602107679037223 7
1765233826440 0.9232822943450814 8
1765233826459 0.860963389389497 9
1765233826479 0.809605040048298 10
1765233826507 0.764096818920365 11
1765233826529 0.6718391431005377 12
1765233826547 0.6248691283670583 13
1765233826566 0.5704876148611083 14
1765233826591 0.4920786525073804 15
1765233826616 0.43099774991659295 16
1765233826639 0.36649241752194284 17
1765233826663 0.3267609001998615 18
1765233826684 0.295580216760474 19
1765233826703 0.2682074012612938 20
1765233826720 0.22775949660996744 21
1765233826742 0.17725658259893717 22
1765233826763 0.16673920432427772 23
1765233826780 0.17566706066517004 24
1765233826798 0.1322678726418574 25
1765233826819 0.12785820763810238 26
1765233826841 0.14567851387244418 27
1765233826862 0.140176321554901 28
1765233826883 0.1328455945546914 29
1765233826902 0.10791241799138095 30
1765233826920 0.10550669930819281 31
1765233826939 0.07862520699662373 32
1765233826960 0.08797957305621384 33
1765233826978 0.07908714524841398 34
1765233826995 0.05692673446540546 35
1765233827014 0.06820697925592724 36
1765233827034 0.09072702973240748 37
1765233827057 0.0713431176806527 38
1765233827079 0.06612379137510643 39
1765233827096 0.052946136203503476 40
1765233827113 0.051474098757756666 41
1765233827133 0.0457489734963703 42
1765233827157 0.06388864450548824 43
1765233827180 0.0500980038335897 44
1765233827204 0.05908341082583245 45
1765233827228 0.05063682652159097 46
1765233827251 0.04780057696205445 47
1765233827274 0.05071084529049415 48
1765233827291 0.04440267165576605 49
1765233827308 0.03769864241375511 50
1765233827326 0.04014015990078337 51
1765233827344 0.023934808636742428 52
1765233827368 0.058163735763470926 53
1765233827389 0.03213370137469829 54
1765233827409 0.06371726174103587 55
1765233827429 0.023810666418613347 56
1765233827448 0.027035534826520467 57
1765233827469 0.028101820988874687 58
1765233827489 0.0358093286675394 59
1765233827509 0.044876817410769765 60
1765233827528 0.033623476659781056 61
1765233827547 0.043880755522925606 62
1765233827565 0.02378443119692077 63
1765233827586 0.036774931517534686 64
1765233827607 0.030369307326776136 65
1765233827628 0.028239856370815768 66
1765233827649 0.0696814949519204 67
1765233827669 0.035267506887141926 68
1765233827686 0.03315350815961908 69
1765233827704 0.021315793964584686 70
1765233827723 0.020426702790690542 71
1765233827744 0.015534093692772706 72
1765233827765 0.013161692014699312 73
1765233827786 0.021911113088796463 74
1765233827804 0.018041802698018073 75
1765233827822 0.0273186327483421 76
1765233827840 0.022998754789394543 77
1765233827860 0.017817042207807526 78
1765233827883 0.017975190164227235 79
1765233827904 0.02982995625326228 80
1765233827923 0.01380978025411977 81
1765233827941 0.009574670652697858 82
1765233827959 0.009541099744015619 83
1765233827978 0.014046062137651489 84
1765233827997 0.021547216221802216 85
1765233828016 0.016922191069006248 86
1765233828034 0.021749164744567378 87
1765233828057 0.026777133661150736 88
1765233828077 0.006940536060951706 89
1765233828096 0.007803173329378303 90
1765233828115 0.02350568457653648 91
1765233828136 0.014082069025564015 92
1765233828158 0.0133454050200018 93
1765233828180 0.006419612401116051 94
1765233828200 0.041220960410353835 95
1765233828223 0.017339178220950123 96
1765233828242 0.007898515699557344 97
1765233828263 0.021944880994961113 98
1765233828283 0.032243193310153274 99
1765233828302 0.017713387309235724 100
1765233828323 0.009498752269340693 101
1765233828345 0.02656009382589307 102
1765233828364 0.018161957789408534 103
1765233828383 0.005694661002354066 104
1765233828407 0.010503026439731283 105
1765233828425 0.032843020756876 106
1765233828444 0.019666018146545367 107
1765233828464 0.01047527419116096 108
1765233828483 0.045166961060962955 109
1765233828503 0.03495524289905745 110
1765233828525 0.00348695277943647 111
1765233828548 0.006563231732374183 112
1765233828571 0.006920044891592255 113
1765233828590 0.007035627103361644 114
1765233828609 0.0072460867476796635 115
1765233828627 0.016039966290494555 116
1765233828645 0.03342395925656297 117
1765233828666 0.008120771284645747 118
1765233828688 0.010438819695964344 119
1765233828708 0.005340769467700301 120
1765233828727 0.014657075432684625 121
1765233828744 0.0028904623737562225 122
1765233828763 0.02094146554862478 123
1765233828786 0.01155400086856006 124
1765233828809 0.006824881153940959 125
1765233828831 0.019485552658465223 126
1765233828855 0.01639960798097046 127
1765233828875 0.036355343468848764 128
1765233828895 0.030084542229883653 129
1765233828916 0.005767324093499053 130
1765233828936 0.004927250609165968 131
1765233828953 0.005487352490593168 132
1765233828975 0.006161357231938834 133
1765233828997 0.007953119994652338 134
1765233829017 0.0064010828623156015 135
1765233829034 0.019665659793925688 136
1765233829052 0.013478924418778572 137
1765233829069 0.021085114298822514 138
1765233829087 0.006109732319081169 139
1765233829108 0.008733194855766553 140
1765233829126 0.0022852013913452402 141
1765233829143 0.005933645697786732 142
1765233829165 0.003596148991089006 143
1765233829187 0.005820974346978548 144
1765233829205 0.006888705424919459 145
1765233829228 0.005038620772792545 146
1765233829248 0.007229353654794868 147
