1765235477964 1.1123613352166082 1
1765235477974 1.0837515632909043 2
1765235477982 1.0567516213969181 3
1765235477991 1.03100884229617 4
1765235478000 1.0061683112517334 5
1765235478011 0.9828586439441022 6
1765235478021 0.9593699525173446 7
1765235478030 0.9363780837309988 8
1765235478040 0.9135447592663586 9
1765235478049 0.8901282929836359 10
1765235478059 0.8671320201759052 11
1765235478070 0.8430904938762349 12
1765235478081 0.8196663291830766 13
1765235478091 0.7959675004607752 14
1765235478101 0.7727347787161519 15
1765235478112 0.7497843002018175 16
1765235478123 0.7260315427206513 17
1765235478133 0.7026938464408531 18
1765235478144 0.6793154388442075 19
1765235478156 0.6563589380199748 20
1765235478167 0.633395945219169 21
1765235478178 0.6109487566732823 22
1765235478188 0.5879935133726077 23
1765235478197 0.5656709487276866 24
1765235478207 0.5435011857434323 25
1765235478218 0.5220267938491994 26
1765235478230 0.5004270094677918 27
1765235478242 0.4805099663877846 28
1765235478253 0.4599485433191285 29
1765235478264 0.44066375426780013 30
1765235478278 0.42152573425966994 31
1765235478288 0.4036316472784917 32
1765235478295 0.3861862878154095 33
1765235478306 0.3694038482985102 34
1765235478316 0.3533336179597037 35
1765235478326 0.3378804170323494 36
1765235478337 0.3235946671855181 37
1765235478346 0.3096501090024647 38
1765235478356 0.29683920113663925 39
1765235478365 0.2845591927381386 40
1765235478377 0.273109420013607 41
1765235478390 0.26208295028908807 42
1765235478405 0.25184193724080134 43
1765235478423 0.24185182120566978 44
1765235478437 0.23264542479712264 45
1765235478449 0.2237744026054117 46
1765235478462 0.21571461128112965 47
1765235478475 0.20772864966464222 48
1765235478487 0.20040099490854077 49
1765235478499 0.19297617550631216 50
1765235478512 0.18619184072752645 51
1765235478527 0.1795316049479004 52
1765235478541 0.1736642241029811 53
1765235478554 0.16788656684689054 54
1765235478565 0.16228960353629032 55
1765235478577 0.15735606905212976 56
1765235478588 0.15221452847459263 57
1765235478598 0.14791589717667802 58
1765235478609 0.14349770540357532 59
1765235478619 0.13938667171431662 60
1765235478630 0.13539117983633414 61
1765235478642 0.13154290728551105 62
1765235478651 0.12802021423900933 63
1765235478662 0.12452927679943859 64
1765235478672 0.12116184987519917 65
1765235478680 0.11787667290720724 66
1765235478690 0.1147919413738681 67
1765235478698 0.11178164385763326 68
1765235478709 0.10896922692768556 69
1765235478718 0.10621077976280585 70
1765235478726 0.10347820577540792 71
1765235478735 0.10100977268434108 72
1765235478743 0.09864419373802673 73
