1765233781732 0.7186574790262639 1
1765233781758 0.09008732173395784 2
1765233781784 0.06225582720060602 3
1765233781810 0.013110374436622723 4
1765233781836 0.01306866271564863 5
1765233781865 0.01939470106884627 6
1765233781892 0.014267184253417909 7
1765233781918 0.027173232084426405 8
1765233781943 0.007222304156738731 9
1765233781971 0.02719813744745198 10
1765233781998 0.03703745229293937 11
1765233782023 0.0011052856875755964 12
1765233782047 0.0046580210931582615 13
1765233782072 0.002183738049651786 14
1765233782099 0.0015955221714703065 15
1765233782127 0.011016643932436168 16
1765233782151 0.0008769567538310316 17
1765233782211 0.024113537891203567 18
1765233782256 0.015324315466185177 19
1765233782285 0.0012893307015118829 20
1765233782312 0.0014243325604380666 21
1765233782343 0.0058637098749919885 22
1765233782368 0.008818291724105108 23
1765233782397 0.026384567567247427 24
1765233782430 0.0068948622662702306 25
1765233782462 0.0003381631603061626 26
1765233782493 0.0005108784573886945 27
1765233782527 0.0012291086976976412 28
1765233782562 0.0002726890005964946 29
1765233782592 0.0006735271067619113 30
1765233782627 0.00030640045486223216 31
1765233782660 0.0007121315027690475 32
1765233782689 3.8612929243409144e-05 33
1765233782720 0.000232702337734597 34
1765233782758 0.00021724068510100926 35
1765233782792 0.0001780165904982365 36
1765233782825 3.909785588834688e-05 37
1765233782869 0.00010047594522994156 38
1765233782911 3.527867344805078e-05 39
1765233782944 0.00010483887293615335 40
1765233782982 1.0934581045303806e-05 41
1765233783018 4.287680674620656e-05 42
1765233783046 0.0003192838721208106 43
1765233783080 9.950847856859832e-05 44
1765233783116 7.09779973834165e-05 45
1765233783146 0.00019202956477375866 46
1765233783211 0.00046785803514665146 47
1765233783250 0.00014881061994635747 48
1765233783300 6.58680170211045e-05 49
1765233783337 4.262724021920352e-05 50
1765233783364 0.00026274008248067205 51
1765233783396 4.772715766501379e-05 52
1765233783427 0.0005269549823303788 53
1765233783456 0.0004170428013932215 54
1765233783483 9.315314364622604e-06 55
1765233783509 5.329884068621433e-05 56
1765233783536 0.0001940953885972891 57
1765233783568 7.602451938032231e-05 58
1765233783603 0.00043655215470343246 59
1765233783641 7.5005543363027255e-06 60
1765233783678 4.373542224363777e-05 61
1765233783715 0.00010940643301503263 62
1765233783750 4.874678325401354e-05 63
1765233783793 1.6594626419541236e-05 64
1765233783827 5.9774625674628136e-05 65
1765233783862 0.000373924430949275 66
1765233783896 3.614615688120107e-06 67
1765233783925 7.409292294155455e-06 68
1765233783953 0.00010356334679559758 69
1765233783982 9.245470289442892e-05 70
1765233784012 1.4642424133145446e-05 71
1765233784040 1.2680595115123932e-05 72
1765233784067 5.611250051228531e-05 73
1765233784097 4.598623351935835e-06 74
1765233784125 1.945537719937187e-05 75
1765233784153 0.0001505055229208182 76
1765233784182 4.6249787066117674e-05 77
1765233784208 3.837859063617003e-05 78
1765233784235 3.361259954491738e-05 79
1765233784270 9.60740915173049e-06 80
1765233784296 2.2885142475061465e-05 81
1765233784323 5.557756960454863e-05 82
1765233784350 8.770653834772088e-06 83
1765233784378 7.182205345892233e-06 84
1765233784410 0.0003009535169889105 85
1765233784436 1.6245614322523872e-05 86
1765233784460 6.187604089680555e-06 87
1765233784488 2.2805534966586495e-05 88
1765233784517 0.00022824337103825125 89
1765233784542 4.669423085538452e-05 90
1765233784567 5.245605028873038e-05 91
1765233784593 5.828177782871251e-06 92
1765233784618 6.202741018474332e-05 93
1765233784643 8.606096140944805e-06 94
1765233784666 1.4571976001352818e-05 95
1765233784691 9.118593071003775e-05 96
1765233784721 0.0004496575709961974 97
1765233784749 5.053074831117552e-06 98
1765233784778 6.461315785969432e-06 99
1765233784807 0.002532625109224663 100
1765233784832 0.00042867055640256126 101
1765233784858 0.00047924966542381995 102
1765233784883 7.112527614868014e-05 103
1765233784913 9.446201471412241e-05 104
1765233784938 0.0002657770880035673 105
1765233784968 1.1036474355600939e-05 106
1765233785006 1.735207694236281e-06 107
1765233785039 2.929841831691794e-05 108
1765233785076 1.0138502993690946e-05 109
1765233785109 2.6861280742019017e-06 110
1765233785138 9.89248416925605e-05 111
1765233785163 4.219472598820355e-05 112
1765233785192 8.650179074806133e-06 113
1765233785219 9.482860234866303e-07 114
1765233785245 0.00019702062839860104 115
1765233785271 0.00016301007353600872 116
1765233785297 6.863138913370674e-05 117
1765233785323 2.3410530756246204e-06 118
1765233785352 1.534846663938318e-05 119
1765233785378 8.212921434734785e-05 120
1765233785405 1.034062463988125e-05 121
1765233785432 3.6317525228443025e-05 122
1765233785460 4.12898017266574e-06 123
1765233785490 1.2386173935984649e-05 124
1765233785517 3.9815263343359507e-05 125
1765233785542 1.2452220327919123e-05 126
1765233785565 0.0015839052603471167 127
1765233785590 8.15989819268512e-05 128
1765233785617 3.227432064758623e-06 129
1765233785643 0.0007816322710371045 130
1765233785669 2.347211307470556e-06 131
1765233785696 2.979651848673648e-05 132
1765233785721 0.000682104837965737 133
1765233785747 2.0038338687790846e-05 134
