1765279294390 0.4034874312635651 1
1765279294402 0.04316624518548649 2
1765279294415 0.0031462374480557436 3
1765279294428 0.002142986757995883 4
1765279294444 0.0006721074091284461 5
1765279294462 0.0004103673071446443 6
1765279294480 0.00026055404906996166 7
1765279294494 0.00022476262763250685 8
1765279294512 0.00020729017142413002 9
1765279294527 0.00019137873586348855 10
1765279294542 0.00017849533377440986 11
1765279294557 0.00016702011208351056 12
1765279294571 0.0001562808486193163 13
1765279294589 0.0001506125567298421 14
1765279294606 0.00014632721969864813 15
1765279294623 0.0001363476095095284 16
1765279294639 0.00012627160481828387 17
1765279294655 0.00011958570459163249 18
1765279294678 0.00011109571661156798 19
1765279294700 0.00010647890560637068 20
1765279294719 0.00010074994112361118 21
1765279294740 9.699324849386761e-05 22
1765279294756 9.386250041328945e-05 23
1765279294771 8.807919163557112e-05 24
1765279294785 8.317282805720403e-05 25
1765279294802 7.901004475324338e-05 26
1765279294817 7.50649277253437e-05 27
1765279294832 7.258851686022087e-05 28
1765279294846 6.952520519356275e-05 29
1765279294861 6.681550817154487e-05 30
1765279294875 6.453482085265107e-05 31
1765279294890 6.185627260260263e-05 32
1765279294906 5.9800563813349385e-05 33
1765279294922 5.743618456286175e-05 34
1765279294939 5.5919347899437256e-05 35
1765279294951 5.3851058968356846e-05 36
1765279294966 5.170671264702258e-05 37
1765279294980 5.041800634495658e-05 38
1765279294995 4.859329340235449e-05 39
1765279295009 4.734892302492101e-05 40
1765279295023 4.582268631319788e-05 41
1765279295041 4.393791591029096e-05 42
1765279295057 4.2822767403421514e-05 43
1765279295070 4.147474218664964e-05 44
1765279295083 4.034667607695319e-05 45
1765279295096 3.9327135333647824e-05 46
1765279295112 3.797081778354635e-05 47
1765279295133 3.679168215133092e-05 48
1765279295148 3.5982784887399834e-05 49
1765279295161 3.4707241243986096e-05 50
1765279295176 3.391520266105592e-05 51
1765279295190 3.3109868516995835e-05 52
1765279295204 3.226315410088139e-05 53
1765279295219 3.135183704531177e-05 54
1765279295233 3.059753594482716e-05 55
1765279295245 2.9888801028097706e-05 56
1765279295260 2.834453464000281e-05 57
1765279295277 2.8165552039232417e-05 58
1765279295294 2.7494518614997316e-05 59
1765279295314 2.6775883550972756e-05 60
1765279295331 2.6138761224734153e-05 61
1765279295349 2.5503408043486454e-05 62
1765279295369 2.501492981126714e-05 63
1765279295389 2.4304302841253383e-05 64
1765279295407 2.364121728088574e-05 65
1765279295422 2.312866837898507e-05 66
1765279295437 2.264653142590664e-05 67
1765279295452 2.2179630435775628e-05 68
1765279295466 2.1701097233218253e-05 69
1765279295479 2.1209136375629566e-05 70
1765279295491 2.0772761611015838e-05 71
1765279295504 2.035157580619962e-05 72
1765279295517 1.9909784590285047e-05 73
1765279295530 1.9442072937539307e-05 74
1765279295544 1.9168786807278964e-05 75
1765279295567 1.872077037195342e-05 76
1765279295579 1.838202029160273e-05 77
1765279295593 1.80674923511215e-05 78
1765279295609 1.772611174368977e-05 79
1765279295622 1.7302225114006542e-05 80
1765279295634 1.6977806616900982e-05 81
1765279295653 1.6664169348737607e-05 82
1765279295672 1.6451823319215676e-05 83
1765279295691 1.607995589547773e-05 84
1765279295707 1.5772553948559482e-05 85
1765279295724 1.531471675354309e-05 86
1765279295741 1.5076417845651813e-05 87
1765279295760 1.484880787553553e-05 88
1765279295778 1.4555760708732068e-05 89
1765279295798 1.4316462709371252e-05 90
1765279295820 1.4033256036755051e-05 91
1765279295842 1.3802941211017747e-05 92
