1765233805453 1.0673818149064715 1
1765233805482 0.9841149292494121 2
1765233805508 0.8529588252978217 3
1765233805535 0.6388228062848399 4
1765233805563 0.39258015559131937 5
1765233805594 0.24738588705098719 6
1765233805627 0.13398697529744386 7
1765233805654 0.07935483393756519 8
1765233805680 0.07027941638309705 9
1765233805709 0.045518014026819764 10
1765233805736 0.03858107821385663 11
1765233805769 0.023680020207749272 12
1765233805806 0.025597773219241685 13
1765233805845 0.029170741170865336 14
1765233805882 0.010989548063060598 15
1765233805916 0.015607598183424514 16
1765233805962 0.007152996964304519 17
1765233805995 0.010859182792456639 18
1765233806027 0.005071926860579052 19
1765233806062 0.002861397436301791 20
1765233806096 0.004800459440451604 21
1765233806128 0.006298290489458556 22
1765233806159 0.004985452208440853 23
1765233806195 0.010695135396821214 24
1765233806241 0.003995234666644295 25
1765233806284 0.012480993837877912 26
1765233806329 0.002090682304532992 27
1765233806370 0.006875276488743904 28
1765233806411 0.0068675860126031895 29
1765233806445 0.0036574673000373003 30
1765233806475 0.0009896071659247006 31
1765233806503 0.001636970455187576 32
1765233806536 0.0025609033515699175 33
1765233806567 0.0037789106446723935 34
1765233806596 0.003906565823580648 35
1765233806630 0.001808180269388932 36
1765233806662 0.0029422230703434102 37
1765233806692 0.0033866088782904392 38
1765233806724 0.0010057793718130728 39
1765233806757 0.0016534860717234224 40
1765233806786 0.0019139257912643085 41
1765233806816 0.017612473896231922 42
1765233806846 0.0014553911884483152 43
1765233806884 0.02050826421420657 44
1765233806923 0.03967765785309073 45
1765233806954 0.0015717963159884785 46
1765233806987 0.0034802686427439795 47
1765233807018 0.009384060229463205 48
1765233807048 0.0007708053563238311 49
1765233807078 0.0026522649517115716 50
1765233807107 0.0011186300883248197 51
1765233807141 0.0010392883659254661 52
1765233807167 0.001585494611458842 53
1765233807199 0.001194009153270353 54
1765233807227 0.004634047359138634 55
1765233807260 0.0007528831356877279 56
1765233807291 0.00038142861955006274 57
1765233807325 0.0006371138503155614 58
1765233807356 0.00041956013142465195 59
1765233807388 0.016742801735457953 60
1765233807417 0.0009394834290591311 61
1765233807444 0.00020422905342450104 62
1765233807472 0.0031136547754544892 63
1765233807507 0.0011347145038215739 64
1765233807537 0.0003947885116601417 65
1765233807567 0.0005611796399042438 66
1765233807598 0.0004736650407055019 67
1765233807625 0.00422845594645119 68
1765233807652 0.006237138427826366 69
1765233807680 0.002509119019314791 70
1765233807708 0.0012182369665609265 71
1765233807736 0.0026351185490255417 72
1765233807763 0.0005348823493422833 73
1765233807795 0.0009376585462598456 74
1765233807826 0.00032146811732891914 75
1765233807862 0.0005868596324712017 76
1765233807895 0.00020008645661530187 77
1765233807922 0.0009354182625942403 78
1765233807951 0.0004006838259250375 79
1765233807981 0.0002888192499977534 80
1765233808011 0.00030207926848609194 81
1765233808039 0.00025740022108510673 82
1765233808069 0.0002058585957723365 83
1765233808101 0.0003106124094116608 84
1765233808131 0.00010343730913094837 85
1765233808159 0.0002743646961406691 86
1765233808196 0.00025132599100281805 87
1765233808227 0.00014190282829069911 88
1765233808256 0.00022853315728109277 89
1765233808286 0.00838893465400299 90
1765233808317 0.0007998853598007571 91
1765233808345 0.0002554405549388182 92
1765233808373 0.0005269793668377044 93
1765233808401 0.001417595813278696 94
1765233808433 0.0002574834320683267 95
1765233808466 0.0002664286608206683 96
1765233808495 0.0001081725084836386 97
1765233808528 0.00037666929580852334 98
1765233808555 0.0020515946166870663 99
1765233808584 0.00017039033599231565 100
1765233808614 6.515332983712454e-05 101
1765233808643 0.00016866702082237803 102
1765233808679 0.0001125738077783702 103
1765233808710 0.0001554476497458518 104
1765233808738 0.0001092951932260167 105
1765233808770 0.00020973319008186437 106
1765233808806 0.0003106958942259238 107
1765233808843 0.00010557921565068545 108
1765233808878 0.0003964860194110271 109
1765233808913 0.00025886226108509723 110
1765233808944 0.0005731055708340026 111
1765233808975 0.0002591877091186121 112
1765233809002 0.00025027359928524103 113
1765233809032 0.00017449662455580156 114
