1765279329784 1.1059037034672903 1
1765279329811 1.0379251734654706 2
1765279329830 1.009124023573739 3
1765279329850 0.9689083426518548 4
1765279329868 0.9446178369952324 5
1765279329886 0.8945736737179577 6
1765279329902 0.8486113929210749 7
1765279329924 0.8070523685082457 8
1765279329942 0.7815935468315182 9
1765279329960 0.7258768404336801 10
1765279329978 0.6593127107261715 11
1765279329998 0.6437467444211917 12
1765279330016 0.5629578223802093 13
1765279330035 0.5070491049970899 14
1765279330051 0.47678072649733466 15
1765279330069 0.43407852824469256 16
1765279330089 0.39012382241120014 17
1765279330115 0.3425785791605039 18
1765279330141 0.33486519092904 19
1765279330169 0.29000542262443024 20
1765279330193 0.25329497770259257 21
1765279330220 0.23769705512918027 22
1765279330248 0.2381553598364493 23
1765279330270 0.2039049891825009 24
1765279330297 0.17956937636647904 25
1765279330321 0.16515833257060303 26
1765279330347 0.14535231832274817 27
1765279330369 0.14807052137260152 28
1765279330389 0.12616417461768129 29
1765279330410 0.16006228260527877 30
1765279330431 0.14279836407841595 31
1765279330455 0.1211755417455408 32
1765279330477 0.12011929696663878 33
1765279330505 0.1039872771423114 34
1765279330525 0.10290422605672725 35
1765279330546 0.08868335484337986 36
1765279330564 0.08756260092097118 37
1765279330586 0.10140322257337489 38
1765279330610 0.07894792609420934 39
1765279330636 0.10153724975827941 40
1765279330662 0.07254152667281547 41
1765279330685 0.07954786729095574 42
1765279330708 0.08020638691303425 43
1765279330734 0.068593972495624 44
1765279330758 0.0665458344287218 45
1765279330783 0.057526668432147654 46
1765279330808 0.04449605999192349 47
1765279330833 0.07540069352415271 48
1765279330855 0.07103311763446134 49
1765279330875 0.05588851993749464 50
1765279330892 0.04961640141288141 51
1765279330913 0.038140410543384407 52
1765279330933 0.03733989128604867 53
1765279330952 0.05634038447213352 54
1765279330971 0.0569939517269009 55
1765279330990 0.031455505163149725 56
1765279331009 0.05211816095095828 57
1765279331026 0.05387840964424396 58
1765279331042 0.0710451178448765 59
1765279331061 0.0425012686422893 60
1765279331080 0.04423886257454865 61
1765279331097 0.03274972711626748 62
1765279331114 0.04716109845759277 63
1765279331131 0.03336854776913734 64
1765279331151 0.04976332025196319 65
1765279331169 0.027150665420804285 66
1765279331188 0.036972606693800626 67
1765279331207 0.028725987090203995 68
1765279331226 0.019724186621886446 69
1765279331242 0.022707646054432803 70
1765279331259 0.023066987549620017 71
1765279331278 0.0346811548281545 72
1765279331296 0.02846331103823911 73
1765279331313 0.023132539232159945 74
1765279331333 0.028865939440359745 75
1765279331360 0.04218506632386742 76
1765279331382 0.021884271188786154 77
1765279331401 0.021933149616409065 78
1765279331420 0.019301261343201974 79
1765279331438 0.018242373574118977 80
1765279331464 0.0295025510153264 81
1765279331484 0.04159630178228805 82
1765279331505 0.020713625909914647 83
1765279331524 0.02570370673657136 84
1765279331543 0.023462796905883272 85
1765279331564 0.02713343645340966 86
1765279331605 0.016478346256343156 87
1765279331626 0.023779727441531822 88
1765279331646 0.029336887330370008 89
1765279331664 0.01611239884636904 90
1765279331681 0.023906561490008256 91
1765279331698 0.0175910074459879 92
1765279331715 0.013674103900005943 93
1765279331732 0.04289497144492273 94
1765279331749 0.026906785660220266 95
1765279331768 0.014820893979596352 96
1765279331787 0.008343637745855446 97
1765279331805 0.020984530965342446 98
1765279331824 0.012315949932777119 99
1765279331841 0.025753129799710235 100
1765279331859 0.007921267655396684 101
1765279331876 0.019261725877124564 102
1765279331894 0.012319710952951047 103
1765279331909 0.017529656200256562 104
1765279331931 0.0058144665029095976 105
1765279331955 0.025096286116237928 106
1765279331976 0.010892594107111594 107
1765279331996 0.008772924556869566 108
1765279332015 0.03821111565693877 109
1765279332034 0.009252135578851054 110
1765279332053 0.01576563631905649 111
1765279332072 0.014161058992175455 112
1765279332092 0.01781574358526421 113
1765279332110 0.009227812444245009 114
1765279332131 0.023400663011322233 115
1765279332150 0.008255247684909884 116
1765279332170 0.009216990798039544 117
1765279332187 0.008587541283174818 118
1765279332204 0.013653982035059454 119
1765279332222 0.017966249467510926 120
1765279332241 0.010775011306680227 121
1765279332260 0.01300506868246064 122
1765279332281 0.011942276946458042 123
1765279332299 0.015159176897145528 124
1765279332315 0.008754478711494826 125
1765279332331 0.01288012629444886 126
1765279332352 0.0115873273707142 127
1765279332370 0.00691534745107804 128
1765279332390 0.024313713682997496 129
1765279332408 0.006673009274877552 130
1765279332425 0.008422254765042126 131
1765279332445 0.006908360487060216 132
1765279332464 0.0058884965115808 133
1765279332482 0.005586222026908956 134
1765279332501 0.008870998922651424 135
1765279332521 0.0067805286384838865 136
1765279332540 0.010438603980998908 137
1765279332558 0.007797735771234322 138
1765279332577 0.011139737865303865 139
1765279332595 0.007560795870665601 140
1765279332612 0.005450038307195851 141
1765279332631 0.006648750246600493 142
1765279332650 0.004584180543031124 143
1765279332669 0.005451317097557555 144
1765279332687 0.007916982248915653 145
1765279332705 0.008617009440687733 146
1765279332723 0.003550299368028466 147
1765279332741 0.02157917156591451 148
1765279332759 0.005241421109093423 149
1765279332777 0.005495011626175584 150
