1765279310274 1.0673818149064715 1
1765279310312 0.9841149292494121 2
1765279310351 0.8529588252978217 3
1765279310396 0.6388228062848399 4
1765279310441 0.39258015559131937 5
1765279310477 0.24738588705098719 6
1765279310508 0.13398697529744386 7
1765279310544 0.07935483393756519 8
1765279310577 0.07027941638309705 9
1765279310611 0.045518014026819764 10
1765279310647 0.03858107821385663 11
1765279310698 0.023680020207749272 12
1765279310745 0.025597773219241685 13
1765279310793 0.029170741170865336 14
1765279310842 0.010989548063060598 15
1765279310891 0.015607598183424514 16
1765279310963 0.007152996964304519 17
1765279311009 0.010859182792456639 18
1765279311050 0.005071926860579052 19
1765279311090 0.002861397436301791 20
1765279311120 0.004800459440451604 21
1765279311153 0.006298290489458556 22
1765279311187 0.004985452208440853 23
1765279311218 0.010695135396821214 24
1765279311257 0.003995234666644295 25
1765279311295 0.012480993837877912 26
1765279311334 0.002090682304532992 27
1765279311370 0.006875276488743904 28
1765279311407 0.0068675860126031895 29
1765279311442 0.0036574673000373003 30
1765279311480 0.0009896071659247006 31
1765279311514 0.001636970455187576 32
1765279311545 0.0025609033515699175 33
1765279311582 0.0037789106446723935 34
1765279311616 0.003906565823580648 35
1765279311649 0.001808180269388932 36
1765279311685 0.0029422230703434102 37
1765279311720 0.0033866088782904392 38
1765279311754 0.0010057793718130728 39
1765279311790 0.0016534860717234224 40
1765279311825 0.0019139257912643085 41
1765279311861 0.017612473896231922 42
1765279311892 0.0014553911884483152 43
1765279311932 0.02050826421420657 44
1765279311971 0.03967765785309073 45
1765279312008 0.0015717963159884785 46
1765279312044 0.0034802686427439795 47
1765279312078 0.009384060229463205 48
1765279312114 0.0007708053563238311 49
1765279312146 0.0026522649517115716 50
1765279312180 0.0011186300883248197 51
1765279312213 0.0010392883659254661 52
1765279312261 0.001585494611458842 53
1765279312303 0.001194009153270353 54
1765279312339 0.004634047359138634 55
1765279312376 0.0007528831356877279 56
1765279312412 0.00038142861955006274 57
1765279312449 0.0006371138503155614 58
1765279312482 0.00041956013142465195 59
1765279312517 0.016742801735457953 60
1765279312550 0.0009394834290591311 61
1765279312582 0.00020422905342450104 62
1765279312618 0.0031136547754544892 63
1765279312650 0.0011347145038215739 64
1765279312684 0.0003947885116601417 65
1765279312717 0.0005611796399042438 66
1765279312753 0.0004736650407055019 67
1765279312785 0.00422845594645119 68
1765279312820 0.006237138427826366 69
1765279312855 0.002509119019314791 70
1765279312906 0.0012182369665609265 71
1765279312958 0.0026351185490255417 72
1765279313006 0.0005348823493422833 73
1765279313045 0.0009376585462598456 74
1765279313082 0.00032146811732891914 75
1765279313123 0.0005868596324712017 76
1765279313164 0.00020008645661530187 77
1765279313199 0.0009354182625942403 78
1765279313241 0.0004006838259250375 79
1765279313294 0.0002888192499977534 80
1765279313346 0.00030207926848609194 81
1765279313386 0.00025740022108510673 82
1765279313432 0.0002058585957723365 83
1765279313472 0.0003106124094116608 84
1765279313517 0.00010343730913094837 85
1765279313564 0.0002743646961406691 86
1765279313617 0.00025132599100281805 87
1765279313668 0.00014190282829069911 88
1765279313722 0.00022853315728109277 89
1765279313774 0.00838893465400299 90
1765279313819 0.0007998853598007571 91
1765279313860 0.0002554405549388182 92
1765279313898 0.0005269793668377044 93
1765279313938 0.001417595813278696 94
1765279313979 0.0002574834320683267 95
1765279314029 0.0002664286608206683 96
1765279314071 0.0001081725084836386 97
1765279314108 0.00037666929580852334 98
1765279314144 0.0020515946166870663 99
1765279314189 0.00017039033599231565 100
1765279314229 6.515332983712454e-05 101
1765279314274 0.00016866702082237803 102
1765279314345 0.0001125738077783702 103
1765279314388 0.0001554476497458518 104
1765279314442 0.0001092951932260167 105
1765279314490 0.00020973319008186437 106
1765279314530 0.0003106958942259238 107
1765279314570 0.00010557921565068545 108
1765279314611 0.0003964860194110271 109
1765279314649 0.00025886226108509723 110
1765279314700 0.0005731055708340026 111
1765279314737 0.0002591877091186121 112
1765279314778 0.00025027359928524103 113
1765279314822 0.00017449662455580156 114
