1765803356205 1.0786052485157673 1
1765803356227 1.0421346031633534 2
1765803356248 1.0078295585804415 3
1765803356271 0.9816992202199492 4
1765803356294 0.9538458276512032 5
1765803356319 0.907520900543471 6
1765803356339 0.886092117854527 7
1765803356367 0.8455121606812441 8
1765803356387 0.8020008788969284 9
1765803356414 0.7636602323754389 10
1765803356436 0.7153309588145492 11
1765803356462 0.6728853041068056 12
1765803356484 0.6393392852374485 13
1765803356503 0.6002955069219259 14
1765803356520 0.5373517969497165 15
1765803356539 0.49678249690765724 16
1765803356557 0.45677086105920317 17
1765803356581 0.40399597193065445 18
1765803356598 0.37819434332668334 19
1765803356618 0.34048500253741903 20
1765803356638 0.3188247958520301 21
1765803356657 0.28907339106825064 22
1765803356677 0.23910233356002578 23
1765803356696 0.21710303941167386 24
1765803356721 0.20786218737301074 25
1765803356744 0.18647892862782442 26
1765803356767 0.16838878208309188 27
1765803356790 0.15570377463236787 28
1765803356817 0.12367484824998039 29
1765803356843 0.137884154691732 30
1765803356868 0.12876343934383608 31
1765803356898 0.12158508430746265 32
1765803356930 0.11977405571623852 33
1765803356952 0.09980670915902558 34
1765803356972 0.0986424624863872 35
1765803356993 0.09960076056028667 36
1765803357011 0.08705235866451622 37
1765803357033 0.086309571239285 38
1765803357056 0.09193510590191174 39
1765803357080 0.06808456355579813 40
1765803357101 0.06122053016845445 41
1765803357124 0.06753098798033438 42
1765803357147 0.056956761733705834 43
1765803357171 0.051429393876315954 44
1765803357191 0.05566482478402611 45
1765803357212 0.06506185787834955 46
1765803357229 0.05022863787423847 47
1765803357247 0.05469560225431184 48
1765803357267 0.0487222782987401 49
1765803357286 0.04253087234788371 50
1765803357306 0.0447500808010424 51
1765803357324 0.043838036855808775 52
1765803357343 0.034411420537985134 53
1765803357362 0.05171889512400542 54
1765803357379 0.03568765389403902 55
1765803357398 0.03071398517691103 56
1765803357418 0.03679924956837991 57
1765803357438 0.032627452472995096 58
1765803357456 0.029595159505374898 59
1765803357472 0.036835939070223866 60
1765803357495 0.03667812888279445 61
1765803357521 0.02753682989150958 62
1765803357545 0.033333853618907075 63
1765803357567 0.025631068400422435 64
1765803357587 0.0317677626932474 65
1765803357604 0.030112172613494602 66
1765803357622 0.036550381304906274 67
1765803357643 0.0282113286911657 68
1765803357659 0.03131598008873599 69
1765803357675 0.02574629969614789 70
1765803357694 0.021012626756402784 71
1765803357712 0.025648736786202324 72
1765803357731 0.021728396037579478 73
1765803357750 0.022892137142108346 74
1765803357766 0.02314845853506174 75
1765803357784 0.01843022576120115 76
1765803357802 0.023983074324135493 77
1765803357820 0.019935539118329387 78
1765803357837 0.018308968586090924 79
1765803357855 0.01898105754832128 80
1765803357873 0.01562540342022938 81
1765803357891 0.016213079417278443 82
1765803357909 0.016355589454069286 83
1765803357928 0.01611877116549732 84
1765803357946 0.01791861510478464 85
1765803357964 0.015679151499013704 86
1765803357982 0.022233976944020593 87
1765803358001 0.015077232302663694 88
1765803358018 0.016803719389560472 89
1765803358036 0.012304663896224553 90
1765803358053 0.011630887883414227 91
1765803358072 0.011459481699350184 92
1765803358089 0.00976402167566961 93
1765803358108 0.013903805042688799 94
1765803358125 0.009109334347951682 95
1765803358143 0.01166426659302604 96
1765803358161 0.011810138625533958 97
1765803358181 0.008746947207369078 98
1765803358199 0.009941204205939644 99
1765803358219 0.0073683940336332285 100
1765803358236 0.009156850292443655 101
1765803358254 0.01047946169580284 102
1765803358272 0.01336123783113365 103
1765803358290 0.009342783319770842 104
1765803358308 0.011039943063169494 105
1765803358333 0.009035701098452722 106
1765803358353 0.008865391667512126 107
1765803358373 0.011122398296392109 108
1765803358389 0.012131964175128624 109
1765803358406 0.01111579600973685 110
1765803358422 0.008183143780867857 111
1765803358439 0.007513002660545639 112
1765803358457 0.006643564622373061 113
1765803358475 0.008261546408547494 114
1765803358493 0.00664369845797861 115
1765803358511 0.007595825878224035 116
1765803358531 0.007697594485112599 117
1765803358548 0.008124140873761442 118
1765803358565 0.009815818561885254 119
1765803358582 0.008691940605430338 120
1765803358600 0.005559072077678712 121
1765803358619 0.006054808442127239 122
1765803358638 0.008602136420436148 123
1765803358656 0.003996009467505759 124
1765803358675 0.004771264781125058 125
1765803358691 0.007894360393817936 126
1765803358708 0.0038410302328604055 127
1765803358726 0.005420316521890629 128
1765803358742 0.008827252775654756 129
1765803358760 0.004113415053947584 130
