1765234910041 1.0786052485157673 1
1765234910059 1.0421346031633534 2
1765234910074 1.0078295585804415 3
1765234910089 0.9816992202199492 4
1765234910111 0.9538458276512032 5
1765234910132 0.907520900543471 6
1765234910150 0.886092117854527 7
1765234910170 0.8455121606812441 8
1765234910188 0.8020008788969284 9
1765234910205 0.7636602323754389 10
1765234910223 0.7153309588145492 11
1765234910243 0.6728853041068056 12
1765234910264 0.6393392852374485 13
1765234910285 0.6002955069219259 14
1765234910304 0.5373517969497165 15
1765234910321 0.49678249690765724 16
1765234910339 0.45677086105920317 17
1765234910357 0.40399597193065445 18
1765234910372 0.37819434332668334 19
1765234910388 0.34048500253741903 20
1765234910407 0.3188247958520301 21
1765234910428 0.28907339106825064 22
1765234910445 0.23910233356002578 23
1765234910461 0.21710303941167386 24
1765234910477 0.20786218737301074 25
1765234910494 0.18647892862782442 26
1765234910511 0.16838878208309188 27
1765234910527 0.15570377463236787 28
1765234910542 0.12367484824998039 29
1765234910558 0.137884154691732 30
1765234910575 0.12876343934383608 31
1765234910591 0.12158508430746265 32
1765234910607 0.11977405571623852 33
1765234910621 0.09980670915902558 34
1765234910637 0.0986424624863872 35
1765234910653 0.09960076056028667 36
1765234910670 0.08705235866451622 37
1765234910690 0.086309571239285 38
1765234910711 0.09193510590191174 39
1765234910734 0.06808456355579813 40
1765234910757 0.06122053016845445 41
1765234910781 0.06753098798033438 42
1765234910808 0.056956761733705834 43
1765234910830 0.051429393876315954 44
1765234910856 0.05566482478402611 45
1765234910879 0.06506185787834955 46
1765234910907 0.05022863787423847 47
1765234910930 0.05469560225431184 48
1765234910949 0.0487222782987401 49
1765234910964 0.04253087234788371 50
1765234910979 0.0447500808010424 51
1765234910995 0.043838036855808775 52
1765234911010 0.034411420537985134 53
1765234911027 0.05171889512400542 54
1765234911045 0.03568765389403902 55
1765234911060 0.03071398517691103 56
1765234911076 0.03679924956837991 57
1765234911091 0.032627452472995096 58
1765234911106 0.029595159505374898 59
1765234911123 0.036835939070223866 60
1765234911138 0.03667812888279445 61
1765234911153 0.02753682989150958 62
1765234911168 0.033333853618907075 63
1765234911183 0.025631068400422435 64
1765234911199 0.0317677626932474 65
1765234911215 0.030112172613494602 66
1765234911230 0.036550381304906274 67
1765234911245 0.0282113286911657 68
1765234911260 0.03131598008873599 69
1765234911276 0.02574629969614789 70
1765234911299 0.021012626756402784 71
1765234911314 0.025648736786202324 72
1765234911331 0.021728396037579478 73
1765234911349 0.022892137142108346 74
1765234911369 0.02314845853506174 75
1765234911383 0.01843022576120115 76
1765234911397 0.023983074324135493 77
1765234911411 0.019935539118329387 78
1765234911425 0.018308968586090924 79
1765234911441 0.01898105754832128 80
1765234911458 0.01562540342022938 81
1765234911484 0.016213079417278443 82
1765234911501 0.016355589454069286 83
1765234911516 0.01611877116549732 84
1765234911534 0.01791861510478464 85
1765234911552 0.015679151499013704 86
1765234911567 0.022233976944020593 87
1765234911583 0.015077232302663694 88
1765234911601 0.016803719389560472 89
1765234911622 0.012304663896224553 90
1765234911638 0.011630887883414227 91
1765234911654 0.011459481699350184 92
1765234911672 0.00976402167566961 93
1765234911689 0.013903805042688799 94
1765234911707 0.009109334347951682 95
1765234911723 0.01166426659302604 96
1765234911740 0.011810138625533958 97
1765234911758 0.008746947207369078 98
1765234911774 0.009941204205939644 99
1765234911791 0.0073683940336332285 100
1765234911807 0.009156850292443655 101
1765234911824 0.01047946169580284 102
1765234911841 0.01336123783113365 103
1765234911862 0.009342783319770842 104
1765234911882 0.011039943063169494 105
1765234911899 0.009035701098452722 106
1765234911913 0.008865391667512126 107
1765234911927 0.011122398296392109 108
1765234911942 0.012131964175128624 109
1765234911958 0.01111579600973685 110
1765234911974 0.008183143780867857 111
1765234911991 0.007513002660545639 112
1765234912005 0.006643564622373061 113
1765234912018 0.008261546408547494 114
1765234912032 0.00664369845797861 115
1765234912047 0.007595825878224035 116
1765234912064 0.007697594485112599 117
1765234912081 0.008124140873761442 118
1765234912095 0.009815818561885254 119
1765234912110 0.008691940605430338 120
1765234912124 0.005559072077678712 121
1765234912140 0.006054808442127239 122
1765234912155 0.008602136420436148 123
1765234912172 0.003996009467505759 124
1765234912187 0.004771264781125058 125
1765234912204 0.007894360393817936 126
1765234912218 0.0038410302328604055 127
1765234912234 0.005420316521890629 128
1765234912251 0.008827252775654756 129
1765234912269 0.004113415053947584 130
