1765279319945 1.1532597326694574 1
1765279319992 1.1314795017242432 2
1765279320039 1.0778299686603976 3
1765279320082 1.0409135849852311 4
1765279320127 1.0010397066747336 5
1765279320175 0.9545681028437794 6
1765279320209 0.9309429230546593 7
1765279320244 0.8810477427073887 8
1765279320283 0.8360131983470199 9
1765279320322 0.807255787060673 10
1765279320353 0.7565286110218307 11
1765279320393 0.7321215491545828 12
1765279320442 0.6692866705414048 13
1765279320484 0.6309946865067446 14
1765279320530 0.5767513997572705 15
1765279320572 0.5217470212986595 16
1765279320613 0.5113685780898073 17
1765279320661 0.48049663556249517 18
1765279320697 0.4246558482037451 19
1765279320730 0.41392089773837787 20
1765279320763 0.38377288656127184 21
1765279320799 0.3455428375785512 22
1765279320832 0.3324914776292959 23
1765279320864 0.3044439733476567 24
1765279320896 0.26926973394881515 25
1765279320930 0.25555618230561566 26
1765279320970 0.24125051834529504 27
1765279321013 0.2212391928174442 28
1765279321051 0.20075805877384387 29
1765279321084 0.20475458516214126 30
1765279321119 0.16288105291979654 31
1765279321152 0.1797211016703369 32
1765279321186 0.16457407747892508 33
1765279321219 0.13967929570410484 34
1765279321253 0.1483729341088381 35
1765279321285 0.13860638635723213 36
1765279321320 0.13807511887043938 37
1765279321351 0.12094034260152874 38
1765279321381 0.12158477676094026 39
1765279321410 0.11773133132242619 40
1765279321443 0.1177523625748498 41
1765279321477 0.10800803419118538 42
1765279321507 0.09143521435054622 43
1765279321540 0.09893909976222462 44
1765279321573 0.08252132353477908 45
1765279321603 0.07341610883971803 46
1765279321636 0.07671244764574488 47
1765279321667 0.08925775074421015 48
1765279321700 0.1044770320107166 49
1765279321731 0.07512888317941722 50
1765279321765 0.07588920907530569 51
1765279321795 0.0710443287975806 52
1765279321826 0.06758406030056172 53
1765279321858 0.06459316006630547 54
1765279321890 0.07521272517908785 55
1765279321923 0.05799063177485215 56
1765279321959 0.06731695401713364 57
1765279321995 0.053260993786660354 58
1765279322026 0.05458192390046621 59
1765279322056 0.05500198182250772 60
1765279322090 0.05797065959725165 61
1765279322122 0.049698339313044584 62
1765279322152 0.054309469178543054 63
1765279322186 0.037657277882659344 64
1765279322219 0.033178296024189854 65
1765279322250 0.04525844720577387 66
1765279322281 0.05168098762379329 67
1765279322313 0.04723028566940386 68
1765279322346 0.04814375925781135 69
1765279322376 0.04179377377705466 70
1765279322410 0.03419385678169871 71
1765279322439 0.03651296159714684 72
1765279322472 0.03982757065529214 73
1765279322507 0.033358620395673846 74
1765279322537 0.033503233055983274 75
1765279322569 0.041949358663724776 76
1765279322606 0.02978116800462393 77
1765279322639 0.03221161160057873 78
1765279322671 0.029368988931515162 79
1765279322702 0.03454942566419678 80
1765279322735 0.04121523246841323 81
1765279322767 0.032650313599217204 82
1765279322798 0.026681179509855303 83
1765279322831 0.03655541038378737 84
1765279322861 0.0239588742081384 85
1765279322893 0.03040569174782674 86
1765279322937 0.032401193213418014 87
1765279322978 0.023830550148578964 88
1765279323009 0.025131998093504655 89
1765279323038 0.025328623109910273 90
1765279323068 0.035263386078851114 91
1765279323098 0.020378195281539644 92
1765279323130 0.025265121776470563 93
1765279323165 0.02044684761308862 94
1765279323213 0.022510597034168422 95
1765279323266 0.023342478411146124 96
1765279323306 0.01947892151941034 97
1765279323344 0.01810701164816107 98
1765279323387 0.017820826136416064 99
1765279323426 0.01569329001205532 100
1765279323470 0.020354428062043888 101
1765279323504 0.023561674037149975 102
1765279323538 0.015463038634760935 103
1765279323570 0.02145526974104849 104
1765279323602 0.01502036320087605 105
1765279323633 0.01282450061683592 106
1765279323662 0.018354236059016864 107
1765279323696 0.016331799580414492 108
1765279323727 0.019032296623082312 109
1765279323754 0.012574415625934313 110
1765279323786 0.0196871094552702 111
1765279323817 0.017595413175964712 112
1765279323846 0.027220519501155706 113
1765279323875 0.022884778167240154 114
1765279323907 0.012397506978026683 115
