1765279342625 1.1537853282197077 1
1765279342645 1.08870856385482 2
1765279342665 1.0517094000837857 3
1765279342683 1.039233516481586 4
1765279342702 0.9757273923185535 5
1765279342719 0.9522167784827096 6
1765279342735 0.9124984853249744 7
1765279342753 0.8602446586565864 8
1765279342771 0.7940476487453719 9
1765279342789 0.7394538799622902 10
1765279342810 0.6920017662801241 11
1765279342834 0.6361362808629086 12
1765279342855 0.5473775285527223 13
1765279342877 0.4972691007126543 14
1765279342899 0.5413933409784073 15
1765279342934 0.42313978546544123 16
1765279342955 0.42154314441788465 17
1765279342979 0.4147561766151199 18
1765279342997 0.39592649300295607 19
1765279343013 0.34744362678742946 20
1765279343030 0.2950932320795561 21
1765279343051 0.28398743361458745 22
1765279343075 0.2871345999209504 23
1765279343098 0.27193800035051835 24
1765279343120 0.24663248176413372 25
1765279343143 0.22175205582962895 26
1765279343164 0.19083996822959498 27
1765279343193 0.21424575267653717 28
1765279343226 0.18357409192319202 29
1765279343252 0.1546691075751656 30
1765279343282 0.17270819806402787 31
1765279343311 0.140916889771483 32
1765279343344 0.14494900496438481 33
1765279343375 0.10783093573159672 34
1765279343403 0.08419305847999745 35
1765279343430 0.11639055071916796 36
1765279343453 0.1519849597199827 37
1765279343477 0.1332910811682617 38
1765279343499 0.08524494948691892 39
1765279343518 0.11300947164234362 40
1765279343536 0.13944674178229688 41
1765279343553 0.0879428603483322 42
1765279343570 0.1104699669027687 43
1765279343590 0.09446327522733158 44
1765279343610 0.09685128378240686 45
1765279343631 0.10328623148283564 46
1765279343648 0.12199305645557806 47
1765279343666 0.1385484381781933 48
1765279343686 0.10432618755595129 49
1765279343703 0.09866592867818094 50
1765279343722 0.06855136342346668 51
1765279343739 0.08089591929675045 52
1765279343756 0.10652060672304683 53
1765279343774 0.05136174516869653 54
1765279343792 0.11770915536952198 55
1765279343809 0.06557686478459746 56
1765279343827 0.08428536377903215 57
1765279343845 0.04991561532567442 58
1765279343868 0.0650129003688357 59
1765279343886 0.05724573589133141 60
1765279343904 0.09657402350602293 61
1765279343922 0.043692534571492525 62
1765279343943 0.057775346730324556 63
1765279343964 0.05252424745183242 64
1765279343983 0.08589220018899839 65
1765279344002 0.058188444124254626 66
1765279344021 0.04032091534507454 67
1765279344049 0.04069550276761945 68
1765279344067 0.02963584122297011 69
1765279344084 0.05648325820614521 70
1765279344105 0.04457770964424861 71
1765279344124 0.03142686199424859 72
1765279344141 0.12145332619372784 73
1765279344161 0.036449730117924344 74
1765279344177 0.05434468087453143 75
1765279344196 0.03643128018182023 76
1765279344213 0.07143084850526393 77
1765279344234 0.052284158859270645 78
1765279344254 0.04945973480554452 79
1765279344274 0.03915546049409427 80
1765279344292 0.07152804658797227 81
1765279344310 0.021202909150966127 82
1765279344330 0.03452901311806942 83
1765279344350 0.0270467536257846 84
1765279344372 0.04182569549552032 85
1765279344391 0.03885684772989804 86
1765279344412 0.027945735666872862 87
1765279344430 0.04733984381016484 88
1765279344450 0.02514482012333233 89
1765279344468 0.11310693053038497 90
1765279344488 0.02159427939669082 91
1765279344507 0.039370857725354064 92
1765279344529 0.031053982275157717 93
1765279344546 0.048072459694362225 94
1765279344565 0.03067497995899136 95
1765279344584 0.02027279487504673 96
1765279344603 0.030276394022026455 97
1765279344622 0.020926098514101432 98
1765279344639 0.07947466271680857 99
1765279344656 0.020277224700916315 100
1765279344676 0.01584944790018995 101
1765279344693 0.039091340576900745 102
1765279344711 0.04775064460989228 103
