1765233832184 1.1537853282197077 1
1765233832198 1.08870856385482 2
1765233832214 1.0517094000837857 3
1765233832229 1.039233516481586 4
1765233832242 0.9757273923185535 5
1765233832256 0.9522167784827096 6
1765233832273 0.9124984853249744 7
1765233832287 0.8602446586565864 8
1765233832306 0.7940476487453719 9
1765233832325 0.7394538799622902 10
1765233832342 0.6920017662801241 11
1765233832356 0.6361362808629086 12
1765233832372 0.5473775285527223 13
1765233832386 0.4972691007126543 14
1765233832404 0.5413933409784073 15
1765233832422 0.42313978546544123 16
1765233832440 0.42154314441788465 17
1765233832457 0.4147561766151199 18
1765233832475 0.39592649300295607 19
1765233832493 0.34744362678742946 20
1765233832510 0.2950932320795561 21
1765233832525 0.28398743361458745 22
1765233832542 0.2871345999209504 23
1765233832560 0.27193800035051835 24
1765233832578 0.24663248176413372 25
1765233832594 0.22175205582962895 26
1765233832609 0.19083996822959498 27
1765233832626 0.21424575267653717 28
1765233832641 0.18357409192319202 29
1765233832655 0.1546691075751656 30
1765233832668 0.17270819806402787 31
1765233832685 0.140916889771483 32
1765233832703 0.14494900496438481 33
1765233832719 0.10783093573159672 34
1765233832734 0.08419305847999745 35
1765233832756 0.11639055071916796 36
1765233832776 0.1519849597199827 37
1765233832796 0.1332910811682617 38
1765233832814 0.08524494948691892 39
1765233832831 0.11300947164234362 40
1765233832847 0.13944674178229688 41
1765233832863 0.0879428603483322 42
1765233832878 0.1104699669027687 43
1765233832897 0.09446327522733158 44
1765233832915 0.09685128378240686 45
1765233832940 0.10328623148283564 46
1765233832961 0.12199305645557806 47
1765233832977 0.1385484381781933 48
1765233832997 0.10432618755595129 49
1765233833012 0.09866592867818094 50
1765233833029 0.06855136342346668 51
1765233833048 0.08089591929675045 52
1765233833075 0.10652060672304683 53
1765233833102 0.05136174516869653 54
1765233833125 0.11770915536952198 55
1765233833150 0.06557686478459746 56
1765233833175 0.08428536377903215 57
1765233833199 0.04991561532567442 58
1765233833220 0.0650129003688357 59
1765233833243 0.05724573589133141 60
1765233833262 0.09657402350602293 61
1765233833282 0.043692534571492525 62
1765233833298 0.057775346730324556 63
1765233833315 0.05252424745183242 64
1765233833331 0.08589220018899839 65
1765233833347 0.058188444124254626 66
1765233833362 0.04032091534507454 67
1765233833377 0.04069550276761945 68
1765233833393 0.02963584122297011 69
1765233833409 0.05648325820614521 70
1765233833425 0.04457770964424861 71
1765233833442 0.03142686199424859 72
1765233833457 0.12145332619372784 73
1765233833472 0.036449730117924344 74
1765233833489 0.05434468087453143 75
1765233833507 0.03643128018182023 76
1765233833521 0.07143084850526393 77
1765233833536 0.052284158859270645 78
1765233833554 0.04945973480554452 79
1765233833571 0.03915546049409427 80
1765233833589 0.07152804658797227 81
1765233833607 0.021202909150966127 82
1765233833626 0.03452901311806942 83
1765233833642 0.0270467536257846 84
1765233833658 0.04182569549552032 85
1765233833676 0.03885684772989804 86
1765233833691 0.027945735666872862 87
1765233833710 0.04733984381016484 88
1765233833727 0.02514482012333233 89
1765233833744 0.11310693053038497 90
1765233833761 0.02159427939669082 91
1765233833777 0.039370857725354064 92
1765233833791 0.031053982275157717 93
1765233833806 0.048072459694362225 94
1765233833820 0.03067497995899136 95
1765233833839 0.02027279487504673 96
1765233833855 0.030276394022026455 97
1765233833874 0.020926098514101432 98
1765233833891 0.07947466271680857 99
1765233833909 0.020277224700916315 100
1765233833923 0.01584944790018995 101
1765233833939 0.039091340576900745 102
1765233833955 0.04775064460989228 103
