1765279282036 0.7186574790262639 1
1765279282078 0.09008732173395784 2
1765279282121 0.06225582720060602 3
1765279282165 0.013110374436622723 4
1765279282208 0.01306866271564863 5
1765279282249 0.01939470106884627 6
1765279282290 0.014267184253417909 7
1765279282329 0.027173232084426405 8
1765279282365 0.007222304156738731 9
1765279282412 0.02719813744745198 10
1765279282446 0.03703745229293937 11
1765279282480 0.0011052856875755964 12
1765279282518 0.0046580210931582615 13
1765279282553 0.002183738049651786 14
1765279282587 0.0015955221714703065 15
1765279282624 0.011016643932436168 16
1765279282661 0.0008769567538310316 17
1765279282702 0.024113537891203567 18
1765279282738 0.015324315466185177 19
1765279282776 0.0012893307015118829 20
1765279282833 0.0014243325604380666 21
1765279282875 0.0058637098749919885 22
1765279282910 0.008818291724105108 23
1765279282960 0.026384567567247427 24
1765279283012 0.0068948622662702306 25
1765279283064 0.0003381631603061626 26
1765279283120 0.0005108784573886945 27
1765279283182 0.0012291086976976412 28
1765279283218 0.0002726890005964946 29
1765279283254 0.0006735271067619113 30
1765279283296 0.00030640045486223216 31
1765279283334 0.0007121315027690475 32
1765279283370 3.8612929243409144e-05 33
1765279283408 0.000232702337734597 34
1765279283453 0.00021724068510100926 35
1765279283504 0.0001780165904982365 36
1765279283551 3.909785588834688e-05 37
1765279283601 0.00010047594522994156 38
1765279283639 3.527867344805078e-05 39
1765279283680 0.00010483887293615335 40
1765279283741 1.0934581045303806e-05 41
1765279283796 4.287680674620656e-05 42
1765279283840 0.0003192838721208106 43
1765279283900 9.950847856859832e-05 44
1765279283956 7.09779973834165e-05 45
1765279283995 0.00019202956477375866 46
1765279284028 0.00046785803514665146 47
1765279284059 0.00014881061994635747 48
1765279284089 6.58680170211045e-05 49
1765279284119 4.262724021920352e-05 50
1765279284150 0.00026274008248067205 51
1765279284179 4.772715766501379e-05 52
1765279284209 0.0005269549823303788 53
1765279284239 0.0004170428013932215 54
1765279284270 9.315314364622604e-06 55
1765279284301 5.329884068621433e-05 56
1765279284332 0.0001940953885972891 57
1765279284362 7.602451938032231e-05 58
1765279284391 0.00043655215470343246 59
1765279284420 7.5005543363027255e-06 60
1765279284452 4.373542224363777e-05 61
1765279284482 0.00010940643301503263 62
1765279284513 4.874678325401354e-05 63
1765279284549 1.6594626419541236e-05 64
1765279284588 5.9774625674628136e-05 65
1765279284624 0.000373924430949275 66
1765279284654 3.614615688120107e-06 67
1765279284687 7.409292294155455e-06 68
1765279284716 0.00010356334679559758 69
1765279284745 9.245470289442892e-05 70
1765279284774 1.4642424133145446e-05 71
1765279284806 1.2680595115123932e-05 72
1765279284839 5.611250051228531e-05 73
1765279284884 4.598623351935835e-06 74
1765279284921 1.945537719937187e-05 75
1765279284964 0.0001505055229208182 76
1765279285007 4.6249787066117674e-05 77
1765279285044 3.837859063617003e-05 78
1765279285080 3.361259954491738e-05 79
1765279285120 9.60740915173049e-06 80
1765279285150 2.2885142475061465e-05 81
1765279285178 5.557756960454863e-05 82
1765279285210 8.770653834772088e-06 83
1765279285239 7.182205345892233e-06 84
1765279285272 0.0003009535169889105 85
1765279285303 1.6245614322523872e-05 86
1765279285331 6.187604089680555e-06 87
1765279285364 2.2805534966586495e-05 88
1765279285397 0.00022824337103825125 89
1765279285425 4.669423085538452e-05 90
1765279285454 5.245605028873038e-05 91
1765279285487 5.828177782871251e-06 92
1765279285519 6.202741018474332e-05 93
1765279285551 8.606096140944805e-06 94
1765279285583 1.4571976001352818e-05 95
1765279285615 9.118593071003775e-05 96
1765279285642 0.0004496575709961974 97
1765279285675 5.053074831117552e-06 98
1765279285708 6.461315785969432e-06 99
1765279285740 0.002532625109224663 100
1765279285770 0.00042867055640256126 101
1765279285802 0.00047924966542381995 102
1765279285833 7.112527614868014e-05 103
1765279285865 9.446201471412241e-05 104
1765279285903 0.0002657770880035673 105
1765279285944 1.1036474355600939e-05 106
1765279285979 1.735207694236281e-06 107
1765279286007 2.929841831691794e-05 108
1765279286037 1.0138502993690946e-05 109
1765279286072 2.6861280742019017e-06 110
1765279286101 9.89248416925605e-05 111
1765279286134 4.219472598820355e-05 112
1765279286168 8.650179074806133e-06 113
1765279286199 9.482860234866303e-07 114
1765279286228 0.00019702062839860104 115
1765279286259 0.00016301007353600872 116
1765279286293 6.863138913370674e-05 117
1765279286324 2.3410530756246204e-06 118
1765279286356 1.534846663938318e-05 119
1765279286389 8.212921434734785e-05 120
1765279286419 1.034062463988125e-05 121
1765279286447 3.6317525228443025e-05 122
1765279286477 4.12898017266574e-06 123
1765279286509 1.2386173935984649e-05 124
1765279286537 3.9815263343359507e-05 125
1765279286571 1.2452220327919123e-05 126
1765279286605 0.0015839052603471167 127
1765279286636 8.15989819268512e-05 128
1765279286671 3.227432064758623e-06 129
1765279286703 0.0007816322710371045 130
1765279286732 2.347211307470556e-06 131
1765279286759 2.979651848673648e-05 132
1765279286792 0.000682104837965737 133
1765279286823 2.0038338687790846e-05 134
